0.00000 0.014944
0.01000 0.015668
0.02000 0.013597
0.03000 0.017402
0.04000 0.019691
0.05000 0.019855
0.06000 0.021656
0.07000 0.023632
0.08000 0.023820
0.09000 0.020850
0.10000 0.020840
0.11000 0.021582
0.12000 0.017182
0.13000 0.017393
0.14000 0.014336
0.15000 0.015005
0.16000 0.015340
0.17000 0.010824
0.18000 0.007645
0.19000 0.008230
0.20000 0.009655
0.21000 0.005991
0.22000 0.008105
0.23000 0.003317
0.24000 0.005690
0.25000 0.005788
0.26000 0.008694
0.27000 0.007513
0.28000 0.008432
0.29000 0.010080
0.30000 0.010745
0.31000 0.015027
0.32000 0.018833
0.33000 0.018684
0.34000 0.018752
0.35000 0.018977
0.36000 0.021792
0.37000 0.022929
0.38000 0.022680
0.39000 0.024981
0.40000 0.021360
0.41000 0.022867
0.42000 0.020051
0.43000 0.018248
0.44000 0.018467
0.45000 0.014142
0.46000 0.014817
0.47000 0.009374
0.48000 0.008832
0.49000 0.006070
0.50000 0.004947
0.51000 0.002103
0.52000 0.001625
0.53000 -0.003613
0.54000 -0.003629
0.55000 -0.001390
0.56000 -0.000440
0.57000 -0.000807
0.58000 0.000730
0.59000 0.002316
0.60000 0.008501
0.61000 0.011753
0.62000 0.014759
0.63000 0.021571
0.64000 0.026425
0.65000 0.031070
0.66000 0.032814
0.67000 0.038565
0.68000 0.040346
0.69000 0.046750
0.70000 0.052632
0.71000 0.052922
0.72000 0.053832
0.73000 0.057975
0.74000 0.056124
0.75000 0.058833
0.76000 0.059151
0.77000 0.056672
0.78000 0.053128
0.79000 0.051272
0.80000 0.048802
0.81000 0.043424
0.82000 0.037424
0.83000 0.032797
0.84000 0.030069
0.85000 0.024838
0.86000 0.021067
0.87000 0.018019
0.88000 0.010978
0.89000 0.007953
0.90000 0.002962
0.91000 0.001801
0.92000 -0.000137
0.93000 -0.004655
0.94000 -0.005434
0.95000 -0.004582
0.96000 -0.005799
0.97000 -0.004675
0.98000 -0.004057
0.99000 -0.002800
1.00000 0.000570
1.01000 0.002422
1.02000 0.007595
1.03000 0.007594
1.04000 0.011546
1.05000 0.014858
1.06000 0.013451
1.07000 0.016493
1.08000 0.017844
1.09000 0.023094
1.10000 0.020998
1.11000 0.020981
1.12000 0.022513
1.13000 0.023079
1.14000 0.023651
1.15000 0.022991
1.16000 0.018901
1.17000 0.019204
1.18000 0.015466
1.19000 0.013764
1.20000 0.008591
1.21000 0.010846
1.22000 0.005642
1.23000 0.003283
1.24000 0.003077
1.25000 0.000131
1.26000 -0.005811
1.27000 -0.006243
1.28000 -0.011921
1.29000 -0.010396
1.30000 -0.015071
1.31000 -0.019780
1.32000 -0.022048
1.33000 -0.022038
1.34000 -0.025650
1.35000 -0.028840
1.36000 -0.029926
1.37000 -0.032103
1.38000 -0.032367
1.39000 -0.036737
1.40000 -0.040493
1.41000 -0.039618
1.42000 -0.043974
1.43000 -0.046377
1.44000 -0.047497
1.45000 -0.050026
1.46000 -0.053234
1.47000 -0.055836
1.48000 -0.055589
1.49000 -0.054859
1.50000 -0.057234
1.51000 -0.057020
1.52000 -0.057605
1.53000 -0.060442
1.54000 -0.055937
1.55000 -0.060524
1.56000 -0.056336
1.57000 -0.058195
1.58000 -0.057679
1.59000 -0.060975
1.60000 -0.058567
1.61000 -0.058569
1.62000 -0.063242
1.63000 -0.062460
1.64000 -0.064195
1.65000 -0.071993
1.66000 -0.075030
1.67000 -0.077190
1.68000 -0.083102
1.69000 -0.088002
1.70000 -0.096113
1.71000 -0.103829
1.72000 -0.112440
1.73000 -0.116222
1.74000 -0.124794
1.75000 -0.133607
1.76000 -0.138883
1.77000 -0.145613
1.78000 -0.151969
1.79000 -0.154842
1.80000 -0.155701
1.81000 -0.156154
1.82000 -0.154442
1.83000 -0.149442
1.84000 -0.143666
1.85000 -0.137233
1.86000 -0.125006
1.87000 -0.114171
1.88000 -0.101148
1.89000 -0.082833
1.90000 -0.058448
1.91000 -0.040441
1.92000 -0.011569
1.93000 0.011930
1.94000 0.042528
1.95000 0.070097
1.96000 0.101284
1.97000 0.129398
1.98000 0.161543
1.99000 0.190957
2.00000 0.222699
2.01000 0.251026
2.02000 0.275953
2.03000 0.304439
2.04000 0.325058
2.05000 0.343242
2.06000 0.362656
2.07000 0.375733
2.08000 0.390142
2.09000 0.399376
2.10000 0.401587
2.11000 0.407071
2.12000 0.404604
2.13000 0.401198
2.14000 0.389140
2.15000 0.378865
2.16000 0.367434
2.17000 0.353852
2.18000 0.332527
2.19000 0.314417
2.20000 0.294243
2.21000 0.270667
2.22000 0.247411
2.23000 0.227184
2.24000 0.202590
2.25000 0.175371
2.26000 0.154608
2.27000 0.132363
2.28000 0.107675
2.29000 0.088826
2.30000 0.068192
2.31000 0.046316
2.32000 0.029125
2.33000 0.015021
2.34000 0.000377
2.35000 -0.013316
2.36000 -0.028937
2.37000 -0.039028
2.38000 -0.045556
2.39000 -0.056808
2.40000 -0.060627
2.41000 -0.070217
2.42000 -0.071288
2.43000 -0.075335
2.44000 -0.078930
2.45000 -0.083522
2.46000 -0.086919
2.47000 -0.085461
2.48000 -0.085153
2.49000 -0.090613
2.50000 -0.088755
2.51000 -0.092027
2.52000 -0.093289
2.53000 -0.091936
2.54000 -0.092051
2.55000 -0.094218
2.56000 -0.094157
2.57000 -0.096737
2.58000 -0.102564
2.59000 -0.102820
2.60000 -0.107427
2.61000 -0.107238
2.62000 -0.111997
2.63000 -0.117464
2.64000 -0.122747
2.65000 -0.127806
2.66000 -0.128803
2.67000 -0.135597
2.68000 -0.139427
2.69000 -0.142295
2.70000 -0.148125
2.71000 -0.155061
2.72000 -0.159562
2.73000 -0.161863
2.74000 -0.166839
2.75000 -0.170681
2.76000 -0.174274
2.77000 -0.179984
2.78000 -0.181505
2.79000 -0.185592
2.80000 -0.189390
2.81000 -0.189526
2.82000 -0.192060
2.83000 -0.192679
2.84000 -0.193593
2.85000 -0.190768
2.86000 -0.190646
2.87000 -0.193606
2.88000 -0.191130
2.89000 -0.189578
2.90000 -0.193664
2.91000 -0.190453
2.92000 -0.193818
2.93000 -0.193154
2.94000 -0.190470
2.95000 -0.194912
2.96000 -0.192565
2.97000 -0.195418
2.98000 -0.198223
2.99000 -0.198393
3.00000 -0.198076
3.01000 -0.199989
3.02000 -0.200105
3.03000 -0.199836
3.04000 -0.203859
3.05000 -0.201369
3.06000 -0.200476
3.07000 -0.197390
3.08000 -0.197798
3.09000 -0.196155
3.10000 -0.190810
3.11000 -0.184276
3.12000 -0.177526
3.13000 -0.171250
3.14000 -0.161455
3.15000 -0.147214
3.16000 -0.136629
3.17000 -0.123326
3.18000 -0.110902
3.19000 -0.095577
3.20000 -0.081013
3.21000 -0.061555
3.22000 -0.047279
3.23000 -0.030121
3.24000 -0.015082
3.25000 0.000562
3.26000 0.015789
3.27000 0.029776
3.28000 0.046397
3.29000 0.055825
3.30000 0.067008
3.31000 0.076719
3.32000 0.083591
3.33000 0.089839
3.34000 0.097735
3.35000 0.099770
3.36000 0.097586
3.37000 0.097778
3.38000 0.095403
3.39000 0.091336
3.40000 0.084357
3.41000 0.079614
3.42000 0.071811
3.43000 0.065107
3.44000 0.054898
3.45000 0.047373
3.46000 0.040920
3.47000 0.033682
3.48000 0.025195
3.49000 0.017886
3.50000 0.011772
3.51000 0.005945
3.52000 0.004903
3.53000 0.003579
3.54000 0.003755
3.55000 0.000795
3.56000 0.003549
3.57000 0.004267
3.58000 0.008510
3.59000 0.015220
3.60000 0.016711
3.61000 0.025089
3.62000 0.031986
3.63000 0.038239
3.64000 0.042547
3.65000 0.049932
3.66000 0.055182
3.67000 0.058626
3.68000 0.064073
3.69000 0.071891
3.70000 0.074730
3.71000 0.078038
3.72000 0.080141
3.73000 0.081414
3.74000 0.087178
3.75000 0.084267
3.76000 0.088367
3.77000 0.089211
3.78000 0.091111
3.79000 0.088552
3.80000 0.092137
3.81000 0.093114
3.82000 0.093918
3.83000 0.095834
3.84000 0.096107
3.85000 0.098929
3.86000 0.104518
3.87000 0.106591
3.88000 0.113586
3.89000 0.119117
3.90000 0.123503
3.91000 0.127247
3.92000 0.129091
3.93000 0.138809
3.94000 0.143335
3.95000 0.144506
3.96000 0.152782
3.97000 0.154107
3.98000 0.157043
3.99000 0.158809
4.00000 0.159797
4.01000 0.162090
4.02000 0.160971
4.03000 0.158673
4.04000 0.153046
4.05000 0.152360
4.06000 0.144105
4.07000 0.139527
4.08000 0.132978
4.09000 0.125131
4.10000 0.119347
4.11000 0.106949
4.12000 0.098670
4.13000 0.090679
4.14000 0.079411
4.15000 0.070829
4.16000 0.058555
4.17000 0.051317
4.18000 0.041355
4.19000 0.030464
4.20000 0.021763
4.21000 0.017131
4.22000 0.009028
4.23000 -0.001705
4.24000 -0.005549
4.25000 -0.011321
4.26000 -0.017464
4.27000 -0.023931
4.28000 -0.032087
4.29000 -0.033315
4.30000 -0.039872
4.31000 -0.044362
4.32000 -0.045972
4.33000 -0.049988
4.34000 -0.056698
4.35000 -0.055899
4.36000 -0.061979
4.37000 -0.063414
4.38000 -0.068362
4.39000 -0.070871
4.40000 -0.067887
4.41000 -0.071497
4.42000 -0.070779
4.43000 -0.070239
4.44000 -0.071976
4.45000 -0.072115
4.46000 -0.067389
4.47000 -0.066093
4.48000 -0.062346
4.49000 -0.060651
4.50000 -0.055352
4.51000 -0.049779
4.52000 -0.041788
4.53000 -0.037132
4.54000 -0.027829
4.55000 -0.022323
4.56000 -0.016136
4.57000 -0.005051
4.58000 0.002537
4.59000 0.008591
4.60000 0.018665
4.61000 0.024792
4.62000 0.028181
4.63000 0.033833
4.64000 0.040525
4.65000 0.044693
4.66000 0.045924
4.67000 0.048595
4.68000 0.047505
4.69000 0.047094
4.70000 0.045100
4.71000 0.046267
4.72000 0.040838
4.73000 0.038114
4.74000 0.033003
4.75000 0.026113
4.76000 0.021714
4.77000 0.018387
4.78000 0.012009
4.79000 0.007532
4.80000 -0.000242
4.81000 -0.005307
4.82000 -0.013777
4.83000 -0.019912
4.84000 -0.020985
4.85000 -0.027952
4.86000 -0.032582
4.87000 -0.036990
4.88000 -0.036121
4.89000 -0.039409
4.90000 -0.041397
4.91000 -0.045809
4.92000 -0.050162
4.93000 -0.052021
4.94000 -0.053826
4.95000 -0.052289
4.96000 -0.054296
4.97000 -0.057383
4.98000 -0.062259
4.99000 -0.063079
5.00000 -0.067589
5.01000 -0.067413
5.02000 -0.072215
5.03000 -0.077680
5.04000 -0.078210
5.05000 -0.081416
5.06000 -0.085510
5.07000 -0.090103
5.08000 -0.092156
5.09000 -0.095376
5.10000 -0.096844
5.11000 -0.102983
5.12000 -0.101726
5.13000 -0.102114
5.14000 -0.104664
5.15000 -0.104014
5.16000 -0.104061
5.17000 -0.103058
5.18000 -0.098927
5.19000 -0.097752
5.20000 -0.094018
5.21000 -0.092255
5.22000 -0.085805
5.23000 -0.081417
5.24000 -0.075991
5.25000 -0.070189
5.26000 -0.065047
5.27000 -0.061945
5.28000 -0.056677
5.29000 -0.052663
5.30000 -0.045677
5.31000 -0.044718
5.32000 -0.042491
5.33000 -0.037371
5.34000 -0.034692
5.35000 -0.032735
5.36000 -0.034975
5.37000 -0.036883
5.38000 -0.035310
5.39000 -0.036551
5.40000 -0.039906
5.41000 -0.040382
5.42000 -0.044695
5.43000 -0.047263
5.44000 -0.045849
5.45000 -0.049211
5.46000 -0.054497
5.47000 -0.052365
5.48000 -0.054862
5.49000 -0.057680
5.50000 -0.057161
5.51000 -0.059541
5.52000 -0.061360
5.53000 -0.056901
5.54000 -0.059249
5.55000 -0.058838
5.56000 -0.058440
5.57000 -0.052240
5.58000 -0.053186
5.59000 -0.049111
5.60000 -0.048807
5.61000 -0.045983
5.62000 -0.043200
5.63000 -0.043552
5.64000 -0.041385
5.65000 -0.042103
5.66000 -0.040444
5.67000 -0.039016
5.68000 -0.035688
5.69000 -0.036813
5.70000 -0.036595
5.71000 -0.041280
5.72000 -0.042354
5.73000 -0.042203
5.74000 -0.043971
5.75000 -0.045315
5.76000 -0.049001
5.77000 -0.049325
5.78000 -0.051392
5.79000 -0.053290
5.80000 -0.057683
5.81000 -0.054815
5.82000 -0.056576
5.83000 -0.057619
5.84000 -0.060178
5.85000 -0.059417
5.86000 -0.059638
5.87000 -0.057130
5.88000 -0.059110
5.89000 -0.055344
5.90000 -0.052375
5.91000 -0.052329
5.92000 -0.052661
5.93000 -0.047536
5.94000 -0.046709
5.95000 -0.044349
5.96000 -0.038222
5.97000 -0.035551
5.98000 -0.035572
5.99000 -0.033392
6.00000 -0.028194
6.01000 -0.027034
6.02000 -0.026917
6.03000 -0.021318
6.04000 -0.019282
6.05000 -0.019300
6.06000 -0.017570
6.07000 -0.014170
6.08000 -0.012366
6.09000 -0.007870
6.10000 -0.006465
6.11000 -0.006476
6.12000 -0.001667
6.13000 0.000528
6.14000 -0.001229
6.15000 0.003364
6.16000 0.005443
6.17000 0.009154
6.18000 0.008165
6.19000 0.013512
6.20000 0.014773
6.21000 0.015686
6.22000 0.020527
6.23000 0.021981
6.24000 0.024315
6.25000 0.025577
6.26000 0.028274
6.27000 0.029355
6.28000 0.029490
6.29000 0.029569
6.30000 0.030023
6.31000 0.029817
6.32000 0.034154
6.33000 0.032394
6.34000 0.029608
6.35000 0.029322
6.36000 0.029779
6.37000 0.032203
6.38000 0.027343
6.39000 0.028525
6.40000 0.031465
6.41000 0.029491
6.42000 0.030741
6.43000 0.029701
6.44000 0.033436
6.45000 0.032252
6.46000 0.033878
6.47000 0.037294
6.48000 0.040105
6.49000 0.046684
6.50000 0.048254
6.51000 0.053481
6.52000 0.058847
6.53000 0.062451
6.54000 0.067400
6.55000 0.075157
6.56000 0.080635
6.57000 0.085422
6.58000 0.094960
6.59000 0.100678
6.60000 0.104406
6.61000 0.109289
6.62000 0.112808
6.63000 0.119304
6.64000 0.123820
6.65000 0.123592
6.66000 0.127664
6.67000 0.131604
6.68000 0.130439
6.69000 0.134099
6.70000 0.132366
6.71000 0.134834
6.72000 0.134886
6.73000 0.132461
6.74000 0.133938
6.75000 0.132951
6.76000 0.133258
6.77000 0.128918
6.78000 0.127522
6.79000 0.128114
6.80000 0.125118
6.81000 0.125464
6.82000 0.121351
6.83000 0.120942
6.84000 0.122129
6.85000 0.120018
6.86000 0.122389
6.87000 0.120510
6.88000 0.121315
6.89000 0.120395
6.90000 0.120153
6.91000 0.124411
6.92000 0.126653
6.93000 0.128581
6.94000 0.128553
6.95000 0.131358
6.96000 0.131044
6.97000 0.137183
6.98000 0.136920
6.99000 0.137680
7.00000 0.142138
7.01000 0.143659
7.02000 0.145609
7.03000 0.147188
7.04000 0.149737
7.05000 0.152459
7.06000 0.152679
7.07000 0.151203
7.08000 0.153902
7.09000 0.155259
7.10000 0.152443
7.11000 0.154050
7.12000 0.153310
7.13000 0.153535
7.14000 0.153946
7.15000 0.150465
7.16000 0.148963
7.17000 0.143521
7.18000 0.141041
7.19000 0.136159
7.20000 0.134984
7.21000 0.128841
7.22000 0.123447
7.23000 0.121738
7.24000 0.116499
7.25000 0.110365
7.26000 0.105795
7.27000 0.097585
7.28000 0.091846
7.29000 0.084847
7.30000 0.078624
7.31000 0.073039
7.32000 0.063823
7.33000 0.060353
7.34000 0.051122
7.35000 0.045606
7.36000 0.042299
7.37000 0.037236
7.38000 0.032964
7.39000 0.025177
7.40000 0.018783
7.41000 0.017442
7.42000 0.013563
7.43000 0.007673
7.44000 0.007098
7.45000 0.005861
7.46000 0.000241
7.47000 -0.000443
7.48000 -0.003906
7.49000 -0.003630
7.50000 -0.002517
7.51000 -0.004305
7.52000 -0.004776
7.53000 -0.008171
7.54000 -0.005574
7.55000 -0.005035
7.56000 -0.007797
7.57000 -0.007712
7.58000 -0.010422
7.59000 -0.011855
7.60000 -0.012752
7.61000 -0.010342
7.62000 -0.013255
7.63000 -0.014540
7.64000 -0.014021
7.65000 -0.016841
7.66000 -0.020400
7.67000 -0.017707
7.68000 -0.019035
7.69000 -0.021888
7.70000 -0.024114
7.71000 -0.024629
7.72000 -0.022984
7.73000 -0.025513
7.74000 -0.027544
7.75000 -0.028386
7.76000 -0.026134
7.77000 -0.029232
7.78000 -0.028720
7.79000 -0.028547
7.80000 -0.028173
7.81000 -0.023426
7.82000 -0.022405
7.83000 -0.021407
7.84000 -0.021653
7.85000 -0.020785
7.86000 -0.017008
7.87000 -0.018993
7.88000 -0.014216
7.89000 -0.011355
7.90000 -0.011636
7.91000 -0.010922
7.92000 -0.012479
7.93000 -0.008714
7.94000 -0.011148
7.95000 -0.009194
7.96000 -0.006767
7.97000 -0.010514
7.98000 -0.009025
7.99000 -0.007895
8.00000 -0.011240
8.01000 -0.013331
8.02000 -0.011948
8.03000 -0.014786
8.04000 -0.015365
8.05000 -0.016280
8.06000 -0.018767
8.07000 -0.024830
8.08000 -0.025345
8.09000 -0.027071
8.10000 -0.027364
8.11000 -0.033241
8.12000 -0.037081
8.13000 -0.038305
8.14000 -0.040065
8.15000 -0.043911
8.16000 -0.042463
8.17000 -0.045234
8.18000 -0.048036
8.19000 -0.053761
8.20000 -0.057428
8.21000 -0.056372
8.22000 -0.060280
8.23000 -0.062795
8.24000 -0.063012
8.25000 -0.067215
8.26000 -0.066829
8.27000 -0.070593
8.28000 -0.073301
8.29000 -0.073210
8.30000 -0.073702
8.31000 -0.075562
8.32000 -0.075065
8.33000 -0.075404
8.34000 -0.076030
8.35000 -0.078197
8.36000 -0.076975
8.37000 -0.076669
8.38000 -0.076623
8.39000 -0.076121
8.40000 -0.076550
8.41000 -0.075869
8.42000 -0.073223
8.43000 -0.073220
8.44000 -0.070499
8.45000 -0.068730
8.46000 -0.066026
8.47000 -0.063117
8.48000 -0.061177
8.49000 -0.060959
8.50000 -0.060496
8.51000 -0.059596
8.52000 -0.056979
8.53000 -0.056561
8.54000 -0.058433
8.55000 -0.060628
8.56000 -0.058515
8.57000 -0.059384
8.58000 -0.060559
8.59000 -0.060651
8.60000 -0.064294
8.61000 -0.064929
8.62000 -0.068176
8.63000 -0.071171
8.64000 -0.078165
8.65000 -0.078985
8.66000 -0.081753
8.67000 -0.086501
8.68000 -0.094062
8.69000 -0.096791
8.70000 -0.100013
8.71000 -0.106674
8.72000 -0.108736
8.73000 -0.112974
8.74000 -0.115251
8.75000 -0.119051
8.76000 -0.124277
8.77000 -0.125110
8.78000 -0.126351
8.79000 -0.129519
8.80000 -0.129393
8.81000 -0.131155
8.82000 -0.134839
8.83000 -0.132755
8.84000 -0.131016
8.85000 -0.132222
8.86000 -0.128076
8.87000 -0.128765
8.88000 -0.123881
8.89000 -0.122028
8.90000 -0.117372
8.91000 -0.113463
8.92000 -0.109101
8.93000 -0.101562
8.94000 -0.096394
8.95000 -0.091719
8.96000 -0.086049
8.97000 -0.077660
8.98000 -0.069651
8.99000 -0.062315
9.00000 -0.058070
9.01000 -0.049187
9.02000 -0.041857
9.03000 -0.037183
9.04000 -0.028549
9.05000 -0.020706
9.06000 -0.010447
9.07000 -0.007453
9.08000 0.002676
9.09000 0.006761
9.10000 0.016031
9.11000 0.018476
9.12000 0.028175
9.13000 0.033118
9.14000 0.035224
9.15000 0.042364
9.16000 0.042569
9.17000 0.046928
9.18000 0.049207
9.19000 0.052760
9.20000 0.052463
9.21000 0.052879
9.22000 0.052313
9.23000 0.051152
9.24000 0.050713
9.25000 0.051305
9.26000 0.048894
9.27000 0.049446
9.28000 0.045488
9.29000 0.046379
9.30000 0.043898
9.31000 0.039788
9.32000 0.037896
9.33000 0.035447
9.34000 0.030485
9.35000 0.028569
9.36000 0.022483
9.37000 0.021302
9.38000 0.019445
9.39000 0.017612
9.40000 0.013834
9.41000 0.010772
9.42000 0.011071
9.43000 0.010468
9.44000 0.006215
9.45000 0.002632
9.46000 0.003944
9.47000 0.000893
9.48000 -0.001456
9.49000 -0.000054
9.50000 -0.000758
9.51000 -0.003977
9.52000 -0.005764
9.53000 -0.006759
9.54000 -0.009212
9.55000 -0.010458
9.56000 -0.010479
9.57000 -0.011132
9.58000 -0.011411
9.59000 -0.015817
9.60000 -0.012920
9.61000 -0.015148
9.62000 -0.015369
9.63000 -0.018088
9.64000 -0.016185
9.65000 -0.016158
9.66000 -0.019935
9.67000 -0.019301
9.68000 -0.021469
9.69000 -0.020993
9.70000 -0.019550
9.71000 -0.020384
9.72000 -0.017867
9.73000 -0.015554
9.74000 -0.017099
9.75000 -0.015017
9.76000 -0.014646
9.77000 -0.011477
9.78000 -0.010326
9.79000 -0.010065
9.80000 -0.007496
9.81000 -0.005169
9.82000 -0.004246
9.83000 -0.005132
9.84000 -0.000879
9.85000 -0.001024
9.86000 0.000626
9.87000 0.004941
9.88000 0.002834
9.89000 0.004417
9.90000 0.005966
9.91000 0.008441
9.92000 0.008935
9.93000 0.008913
9.94000 0.008267
9.95000 0.012230
9.96000 0.010022
9.97000 0.009973
9.98000 0.011735
9.99000 0.015461
10.00000 0.013841
10.01000 0.013121
10.02000 0.016958
10.03000 0.017733
10.04000 0.015271
10.05000 0.020043
10.06000 0.017131
10.07000 0.019925
10.08000 0.021863
10.09000 0.023199
10.10000 0.026438
10.11000 0.023163
10.12000 0.028939
10.13000 0.029442
10.14000 0.029102
10.15000 0.033335
10.16000 0.034842
10.17000 0.035065
10.18000 0.036126
10.19000 0.040284
10.20000 0.037045
10.21000 0.039176
10.22000 0.040746
10.23000 0.041574
10.24000 0.045455
10.25000 0.045826
10.26000 0.045074
10.27000 0.046461
10.28000 0.046938
10.29000 0.048435
10.30000 0.049651
10.31000 0.051363
10.32000 0.050026
10.33000 0.051017
10.34000 0.052584
10.35000 0.055822
10.36000 0.056583
10.37000 0.055081
10.38000 0.056279
10.39000 0.057259
10.40000 0.057386
10.41000 0.059721
10.42000 0.060930
10.43000 0.064913
10.44000 0.063346
10.45000 0.065959
10.46000 0.066561
10.47000 0.066799
10.48000 0.071618
10.49000 0.071487
10.50000 0.073191
10.51000 0.072856
10.52000 0.075269
10.53000 0.073652
10.54000 0.077559
10.55000 0.074812
10.56000 0.074911
10.57000 0.076498
10.58000 0.075958
10.59000 0.078338
10.60000 0.076202
10.61000 0.074256
10.62000 0.071703
10.63000 0.072401
10.64000 0.068999
10.65000 0.071964
10.66000 0.066968
10.67000 0.064313
10.68000 0.065869
10.69000 0.062133
10.70000 0.061544
10.71000 0.058268
10.72000 0.054713
10.73000 0.055166
10.74000 0.051368
10.75000 0.051637
10.76000 0.047211
10.77000 0.044507
10.78000 0.044930
10.79000 0.042202
10.80000 0.040254
10.81000 0.036040
10.82000 0.037145
10.83000 0.033220
10.84000 0.033170
10.85000 0.031775
10.86000 0.027829
10.87000 0.028690
10.88000 0.023701
10.89000 0.021290
10.90000 0.018811
10.91000 0.018089
10.92000 0.015428
10.93000 0.007831
10.94000 0.004645
10.95000 0.001160
10.96000 -0.001831
10.97000 -0.004966
10.98000 -0.011045
10.99000 -0.013754
11.00000 -0.019261
11.01000 -0.022714
11.02000 -0.025417
11.03000 -0.032011
11.04000 -0.038376
11.05000 -0.038671
11.06000 -0.045165
11.07000 -0.049021
11.08000 -0.053352
11.09000 -0.056175
11.10000 -0.061380
11.11000 -0.064145
11.12000 -0.070216
11.13000 -0.071898
11.14000 -0.073770
11.15000 -0.078994
11.16000 -0.079945
11.17000 -0.082570
11.18000 -0.082662
11.19000 -0.084267
11.20000 -0.085385
11.21000 -0.087427
11.22000 -0.084590
11.23000 -0.084905
11.24000 -0.086888
11.25000 -0.087606
11.26000 -0.085281
11.27000 -0.088602
11.28000 -0.084616
11.29000 -0.084312
11.30000 -0.084012
11.31000 -0.086344
11.32000 -0.083690
11.33000 -0.083379
11.34000 -0.084337
11.35000 -0.084817
11.36000 -0.082871
11.37000 -0.082046
11.38000 -0.084565
11.39000 -0.081036
11.40000 -0.080897
11.41000 -0.082553
11.42000 -0.084721
11.43000 -0.083082
11.44000 -0.083528
11.45000 -0.084533
11.46000 -0.085789
11.47000 -0.085851
11.48000 -0.088199
11.49000 -0.086819
11.50000 -0.091448
11.51000 -0.088664
11.52000 -0.090128
11.53000 -0.094210
11.54000 -0.093340
11.55000 -0.096357
11.56000 -0.094286
11.57000 -0.093410
11.58000 -0.096455
11.59000 -0.096760
11.60000 -0.096245
11.61000 -0.095054
11.62000 -0.095858
11.63000 -0.092651
11.64000 -0.089479
11.65000 -0.087359
11.66000 -0.088876
11.67000 -0.087348
11.68000 -0.081082
11.69000 -0.081827
11.70000 -0.074412
11.71000 -0.074066
11.72000 -0.067856
11.73000 -0.067281
11.74000 -0.062961
11.75000 -0.056452
11.76000 -0.051581
11.77000 -0.044195
11.78000 -0.041615
11.79000 -0.036523
11.80000 -0.028294
11.81000 -0.025788
11.82000 -0.020803
11.83000 -0.014975
11.84000 -0.009010
11.85000 -0.000770
11.86000 0.005415
11.87000 0.007430
11.88000 0.013154
11.89000 0.019045
11.90000 0.023655
11.91000 0.029062
11.92000 0.032007
11.93000 0.033458
11.94000 0.039052
11.95000 0.040387
11.96000 0.043973
11.97000 0.048867
11.98000 0.048433
11.99000 0.050924
12.00000 0.051540
12.01000 0.053886
12.02000 0.058561
12.03000 0.059802
12.04000 0.060083
12.05000 0.060236
12.06000 0.061360
12.07000 0.065866
12.08000 0.066651
12.09000 0.065094
12.10000 0.069211
12.11000 0.069242
12.12000 0.067980
12.13000 0.068684
12.14000 0.073694
12.15000 0.072327
12.16000 0.074346
12.17000 0.074407
12.18000 0.075044
12.19000 0.073168
12.20000 0.077961
12.21000 0.076265
12.22000 0.076518
12.23000 0.077745
12.24000 0.073468
12.25000 0.076433
12.26000 0.071708
12.27000 0.072836
12.28000 0.069790
12.29000 0.070378
12.30000 0.067921
12.31000 0.068276
12.32000 0.066363
12.33000 0.062997
12.34000 0.060129
12.35000 0.057390
12.36000 0.053872
12.37000 0.051721
12.38000 0.049878
12.39000 0.048374
12.40000 0.042141
12.41000 0.042167
12.42000 0.039464
12.43000 0.033886
12.44000 0.031972
12.45000 0.029981
12.46000 0.027588
12.47000 0.024699
12.48000 0.024121
12.49000 0.022524
12.50000 0.022660
12.51000 0.023325
12.52000 0.021787
12.53000 0.019755
12.54000 0.022124
12.55000 0.020112
12.56000 0.022046
12.57000 0.021353
12.58000 0.023503
12.59000 0.023293
12.60000 0.022989
12.61000 0.024503
12.62000 0.022420
12.63000 0.024485
12.64000 0.028586
12.65000 0.027773
12.66000 0.027285
12.67000 0.028898
12.68000 0.031789
12.69000 0.031374
12.70000 0.031001
12.71000 0.034412
12.72000 0.032994
12.73000 0.032071
12.74000 0.031787
12.75000 0.034251
12.76000 0.032274
12.77000 0.033191
12.78000 0.034290
12.79000 0.033462
12.80000 0.030496
12.81000 0.032660
12.82000 0.032464
12.83000 0.031833
12.84000 0.026242
12.85000 0.027199
12.86000 0.025064
12.87000 0.021976
12.88000 0.019477
12.89000 0.018904
12.90000 0.016836
12.91000 0.012811
12.92000 0.014433
12.93000 0.010151
12.94000 0.004581
12.95000 0.006328
12.96000 -0.000381
12.97000 -0.001588
12.98000 -0.003632
12.99000 -0.006397
13.00000 -0.010825
13.01000 -0.013027
13.02000 -0.013952
13.03000 -0.016595
13.04000 -0.017798
13.05000 -0.019606
13.06000 -0.022306
13.07000 -0.021077
13.08000 -0.025179
13.09000 -0.025483
13.10000 -0.026147
13.11000 -0.024802
13.12000 -0.025504
13.13000 -0.027575
13.14000 -0.025112
13.15000 -0.027163
13.16000 -0.027296
13.17000 -0.026977
13.18000 -0.024008
13.19000 -0.024705
13.20000 -0.027162
13.21000 -0.025615
13.22000 -0.026855
13.23000 -0.027398
13.24000 -0.026200
13.25000 -0.025618
13.26000 -0.026859
13.27000 -0.031955
13.28000 -0.030871
13.29000 -0.034559
13.30000 -0.035562
13.31000 -0.038085
13.32000 -0.038853
13.33000 -0.039900
13.34000 -0.041927
13.35000 -0.046143
13.36000 -0.046414
13.37000 -0.051824
13.38000 -0.050839
13.39000 -0.056339
13.40000 -0.057484
13.41000 -0.061074
13.42000 -0.060019
13.43000 -0.064400
13.44000 -0.065343
13.45000 -0.066786
13.46000 -0.069423
13.47000 -0.070847
13.48000 -0.070935
13.49000 -0.070749
13.50000 -0.071353
13.51000 -0.071840
13.52000 -0.071966
13.53000 -0.070488
13.54000 -0.073101
13.55000 -0.069015
13.56000 -0.071675
13.57000 -0.068889
13.58000 -0.065656
13.59000 -0.066643
13.60000 -0.064772
13.61000 -0.064590
13.62000 -0.063117
13.63000 -0.061476
13.64000 -0.059725
13.65000 -0.058148
13.66000 -0.057812
13.67000 -0.056161
13.68000 -0.052844
13.69000 -0.052695
13.70000 -0.049366
13.71000 -0.049876
13.72000 -0.047471
13.73000 -0.048848
13.74000 -0.043161
13.75000 -0.043580
13.76000 -0.044473
13.77000 -0.041022
13.78000 -0.041442
13.79000 -0.036474
13.80000 -0.034539
13.81000 -0.033854
13.82000 -0.034027
13.83000 -0.034477
13.84000 -0.028829
13.85000 -0.027255
13.86000 -0.030806
13.87000 -0.028757
13.88000 -0.023459
13.89000 -0.022377
13.90000 -0.024822
13.91000 -0.022754
13.92000 -0.019978
13.93000 -0.018097
13.94000 -0.018937
13.95000 -0.016022
13.96000 -0.014188
13.97000 -0.014769
13.98000 -0.012161
13.99000 -0.010332
14.00000 -0.009355
14.01000 -0.007886
14.02000 -0.007023
14.03000 -0.006541
14.04000 -0.006237
14.05000 -0.001803
14.06000 0.000919
14.07000 0.000122
14.08000 0.004458
14.09000 0.005414
14.10000 0.004610
14.11000 0.007710
14.12000 0.010277
14.13000 0.011253
14.14000 0.013198
14.15000 0.013497
14.16000 0.015282
14.17000 0.020725
14.18000 0.021465
14.19000 0.026576
14.20000 0.028741
14.21000 0.026679
14.22000 0.032473
14.23000 0.035665
14.24000 0.039255
14.25000 0.041889
14.26000 0.040248
14.27000 0.044901
14.28000 0.047981
14.29000 0.048692
14.30000 0.052119
14.31000 0.056430
14.32000 0.060781
14.33000 0.061514
14.34000 0.065763
14.35000 0.067467
14.36000 0.067692
14.37000 0.069299
14.38000 0.073213
14.39000 0.073620
14.40000 0.074898
14.41000 0.076078
14.42000 0.077559
14.43000 0.077384
14.44000 0.075418
14.45000 0.077649
14.46000 0.076434
14.47000 0.074101
14.48000 0.071411
14.49000 0.069739
14.50000 0.070046
14.51000 0.068883
14.52000 0.065046
14.53000 0.059468
14.54000 0.057307
14.55000 0.051937
14.56000 0.047490
14.57000 0.044280
14.58000 0.042754
14.59000 0.035974
14.60000 0.030613
14.61000 0.027989
14.62000 0.022430
14.63000 0.017987
14.64000 0.012490
14.65000 0.004983
14.66000 0.002037
14.67000 -0.003776
14.68000 -0.007717
14.69000 -0.014607
14.70000 -0.017919
14.71000 -0.020291
14.72000 -0.027192
14.73000 -0.027819
14.74000 -0.030654
14.75000 -0.036588
14.76000 -0.039626
14.77000 -0.038953
14.78000 -0.040677
14.79000 -0.044000
14.80000 -0.044990
14.81000 -0.046081
14.82000 -0.050450
14.83000 -0.047392
14.84000 -0.050787
14.85000 -0.051328
14.86000 -0.050272
14.87000 -0.050199
14.88000 -0.048412
14.89000 -0.045445
14.90000 -0.046841
14.91000 -0.042762
14.92000 -0.043370
14.93000 -0.040726
14.94000 -0.039392
14.95000 -0.035905
14.96000 -0.032124
14.97000 -0.029054
14.98000 -0.029319
14.99000 -0.023838
15.00000 -0.022389
15.01000 -0.016260
15.02000 -0.014060
15.03000 -0.005751
15.04000 -0.005631
15.05000 0.003122
15.06000 0.008748
15.07000 0.013915
15.08000 0.015442
15.09000 0.022386
15.10000 0.029381
15.11000 0.031513
15.12000 0.041303
15.13000 0.042160
15.14000 0.048392
15.15000 0.056611
15.16000 0.059836
15.17000 0.065621
15.18000 0.070094
15.19000 0.076758
15.20000 0.077523
15.21000 0.081515
15.22000 0.085523
15.23000 0.090771
15.24000 0.091587
15.25000 0.091009
15.26000 0.096693
15.27000 0.095069
15.28000 0.098381
15.29000 0.097690
15.30000 0.096780
15.31000 0.093124
15.32000 0.093889
15.33000 0.091486
15.34000 0.088888
15.35000 0.087455
15.36000 0.084962
15.37000 0.080790
15.38000 0.077602
15.39000 0.073313
15.40000 0.070419
15.41000 0.062755
15.42000 0.057636
15.43000 0.053442
15.44000 0.050005
15.45000 0.045668
15.46000 0.038018
15.47000 0.034780
15.48000 0.026469
15.49000 0.024581
15.50000 0.018134
15.51000 0.015271
15.52000 0.008631
15.53000 0.003472
15.54000 0.001873
15.55000 -0.004917
15.56000 -0.006204
15.57000 -0.011886
15.58000 -0.011292
15.59000 -0.016468
15.60000 -0.014645
15.61000 -0.015974
15.62000 -0.018887
15.63000 -0.019772
15.64000 -0.019129
15.65000 -0.021820
15.66000 -0.022254
15.67000 -0.021045
15.68000 -0.019602
15.69000 -0.016081
15.70000 -0.014977
15.71000 -0.014698
15.72000 -0.013631
15.73000 -0.011894
15.74000 -0.007526
15.75000 -0.005980
15.76000 -0.002916
15.77000 -0.000390
15.78000 0.003924
15.79000 0.006099
15.80000 0.008644
15.81000 0.012762
15.82000 0.017349
15.83000 0.020202
15.84000 0.022925
15.85000 0.022486
15.86000 0.023732
15.87000 0.030512
15.88000 0.028678
15.89000 0.034497
15.90000 0.036802
15.91000 0.037798
15.92000 0.041820
15.93000 0.040654
15.94000 0.044008
15.95000 0.046123
15.96000 0.046055
15.97000 0.046192
15.98000 0.046020
15.99000 0.047162
16.00000 0.052125
16.01000 0.052714
16.02000 0.049928
16.03000 0.051078
16.04000 0.051255
16.05000 0.053036
16.06000 0.052550
16.07000 0.053665
16.08000 0.054962
16.09000 0.052470
16.10000 0.055070
16.11000 0.052239
16.12000 0.053756
16.13000 0.050445
16.14000 0.052621
16.15000 0.051422
16.16000 0.053689
16.17000 0.049444
16.18000 0.053357
16.19000 0.049597
16.20000 0.049987
16.21000 0.049345
16.22000 0.052944
16.23000 0.049953
16.24000 0.052604
16.25000 0.052940
16.26000 0.051555
16.27000 0.050254
16.28000 0.053992
16.29000 0.054086
16.30000 0.052156
16.31000 0.055351
16.32000 0.051735
16.33000 0.053774
16.34000 0.053112
16.35000 0.052818
16.36000 0.057374
16.37000 0.052910
16.38000 0.056777
16.39000 0.056662
16.40000 0.055082
16.41000 0.055767
16.42000 0.054977
16.43000 0.052242
16.44000 0.051110
16.45000 0.050591
16.46000 0.045481
16.47000 0.046068
16.48000 0.042757
16.49000 0.040683
16.50000 0.038830
16.51000 0.032504
16.52000 0.030773
16.53000 0.027720
16.54000 0.023551
16.55000 0.018128
16.56000 0.015823
16.57000 0.011458
16.58000 0.008572
16.59000 0.000873
16.60000 -0.001535
16.61000 -0.006135
16.62000 -0.011885
16.63000 -0.015155
16.64000 -0.021120
16.65000 -0.027769
16.66000 -0.030414
16.67000 -0.033807
16.68000 -0.039659
16.69000 -0.046893
16.70000 -0.051493
16.71000 -0.051464
16.72000 -0.054902
16.73000 -0.058843
16.74000 -0.064312
16.75000 -0.069780
16.76000 -0.069252
16.77000 -0.070941
16.78000 -0.072931
16.79000 -0.077960
16.80000 -0.078379
16.81000 -0.075668
16.82000 -0.076465
16.83000 -0.075593
16.84000 -0.078694
16.85000 -0.077858
16.86000 -0.071914
16.87000 -0.069841
16.88000 -0.070973
16.89000 -0.063656
16.90000 -0.064111
16.91000 -0.060908
16.92000 -0.052695
16.93000 -0.051065
16.94000 -0.042091
16.95000 -0.038478
16.96000 -0.036040
16.97000 -0.027068
16.98000 -0.020431
16.99000 -0.017512
17.00000 -0.012545
17.01000 -0.005041
17.02000 -0.001540
17.03000 0.006855
17.04000 0.011436
17.05000 0.015723
17.06000 0.018465
17.07000 0.024527
17.08000 0.024083
17.09000 0.030858
17.10000 0.028495
17.11000 0.034522
17.12000 0.033876
17.13000 0.035800
17.14000 0.037824
17.15000 0.035462
17.16000 0.034319
17.17000 0.036850
17.18000 0.032153
17.19000 0.029417
17.20000 0.029351
17.21000 0.025203
17.22000 0.024329
17.23000 0.023350
17.24000 0.019922
17.25000 0.014008
17.26000 0.012380
17.27000 0.008044
17.28000 0.004861
17.29000 0.006155
17.30000 0.000087
17.31000 -0.001153
17.32000 -0.003888
17.33000 -0.010576
17.34000 -0.012021
17.35000 -0.016434
17.36000 -0.020441
17.37000 -0.022205
17.38000 -0.021537
17.39000 -0.024174
17.40000 -0.027183
17.41000 -0.029045
17.42000 -0.035187
17.43000 -0.038956
17.44000 -0.039236
17.45000 -0.043533
17.46000 -0.044436
17.47000 -0.045533
17.48000 -0.050088
17.49000 -0.051658
17.50000 -0.052599
17.51000 -0.057022
17.52000 -0.056689
17.53000 -0.058245
17.54000 -0.063914
17.55000 -0.063225
17.56000 -0.068537
17.57000 -0.070908
17.58000 -0.068101
17.59000 -0.071807
17.60000 -0.071871
17.61000 -0.076871
17.62000 -0.076876
17.63000 -0.079510
17.64000 -0.082651
17.65000 -0.082522
17.66000 -0.082137
17.67000 -0.084900
17.68000 -0.082561
17.69000 -0.085874
17.70000 -0.088015
17.71000 -0.085652
17.72000 -0.089706
17.73000 -0.087369
17.74000 -0.086672
17.75000 -0.088087
17.76000 -0.089200
17.77000 -0.086170
17.78000 -0.089865
17.79000 -0.086523
17.80000 -0.085725
17.81000 -0.088395
17.82000 -0.084820
17.83000 -0.086483
17.84000 -0.086684
17.85000 -0.085595
17.86000 -0.083266
17.87000 -0.078870
17.88000 -0.078692
17.89000 -0.074944
17.90000 -0.075961
17.91000 -0.072150
17.92000 -0.068457
17.93000 -0.069358
17.94000 -0.066982
17.95000 -0.061125
17.96000 -0.060835
17.97000 -0.057444
17.98000 -0.055783
17.99000 -0.051444
18.00000 -0.046869
18.01000 -0.045704
18.02000 -0.043023
18.03000 -0.040986
18.04000 -0.038738
18.05000 -0.035259
18.06000 -0.030147
18.07000 -0.031843
18.08000 -0.026667
18.09000 -0.027165
18.10000 -0.025224
18.11000 -0.021512
18.12000 -0.017697
18.13000 -0.016036
18.14000 -0.015505
18.15000 -0.017239
18.16000 -0.012561
18.17000 -0.013796
18.18000 -0.011056
18.19000 -0.012947
18.20000 -0.012766
18.21000 -0.011693
18.22000 -0.010675
18.23000 -0.004930
18.24000 -0.003808
18.25000 -0.004852
18.26000 -0.004646
18.27000 -0.002009
18.28000 -0.001618
18.29000 0.000429
18.30000 0.000886
18.31000 0.004712
18.32000 0.007670
18.33000 0.012204
18.34000 0.014071
18.35000 0.014904
18.36000 0.017595
18.37000 0.021315
18.38000 0.024563
18.39000 0.025711
18.40000 0.030900
18.41000 0.034957
18.42000 0.036427
18.43000 0.039901
18.44000 0.041360
18.45000 0.044161
18.46000 0.047521
18.47000 0.050146
18.48000 0.048347
18.49000 0.049836
18.50000 0.056212
18.51000 0.055957
18.52000 0.055602
18.53000 0.056066
18.54000 0.059286
18.55000 0.057826
18.56000 0.059031
18.57000 0.057223
18.58000 0.058714
18.59000 0.054602
18.60000 0.055537
18.61000 0.054536
18.62000 0.052068
18.63000 0.051006
18.64000 0.048081
18.65000 0.048793
18.66000 0.044192
18.67000 0.043332
18.68000 0.041884
18.69000 0.039473
18.70000 0.035001
18.71000 0.032919
18.72000 0.029392
18.73000 0.024647
18.74000 0.021351
18.75000 0.021246
18.76000 0.017628
18.77000 0.016720
18.78000 0.013035
18.79000 0.008573
18.80000 0.009068
18.81000 0.007058
18.82000 0.002789
18.83000 0.002804
18.84000 -0.003076
18.85000 -0.000064
18.86000 -0.004015
18.87000 -0.003052
18.88000 -0.005670
18.89000 -0.004906
18.90000 -0.006812
18.91000 -0.007418
18.92000 -0.006306
18.93000 -0.006948
18.94000 -0.008596
18.95000 -0.009319
18.96000 -0.005533
18.97000 -0.009312
18.98000 -0.008321
18.99000 -0.004816
19.00000 -0.008391
19.01000 -0.003768
19.02000 -0.007401
19.03000 -0.006532
19.04000 -0.006537
19.05000 -0.005041
19.06000 -0.008271
19.07000 -0.007341
19.08000 -0.007931
19.09000 -0.006211
19.10000 -0.006467
19.11000 -0.008631
19.12000 -0.010415
19.13000 -0.011879
19.14000 -0.013044
19.15000 -0.014283
19.16000 -0.016195
19.17000 -0.018140
19.18000 -0.019202
19.19000 -0.021614
19.20000 -0.025322
19.21000 -0.026779
19.22000 -0.027695
19.23000 -0.032456
19.24000 -0.033495
19.25000 -0.032468
19.26000 -0.034251
19.27000 -0.036854
19.28000 -0.037962
19.29000 -0.043370
19.30000 -0.040620
19.31000 -0.042937
19.32000 -0.045463
19.33000 -0.045858
19.34000 -0.048712
19.35000 -0.049361
19.36000 -0.050326
19.37000 -0.052047
19.38000 -0.051523
19.39000 -0.054610
19.40000 -0.053342
19.41000 -0.053524
19.42000 -0.053252
19.43000 -0.054824
19.44000 -0.059056
19.45000 -0.057445
19.46000 -0.056940
19.47000 -0.059660
19.48000 -0.059735
19.49000 -0.058372
19.50000 -0.056487
19.51000 -0.056283
19.52000 -0.056411
19.53000 -0.054147
19.54000 -0.057421
19.55000 -0.056409
19.56000 -0.054693
19.57000 -0.053477
19.58000 -0.054508
19.59000 -0.052803
19.60000 -0.050606
19.61000 -0.047314
19.62000 -0.047931
19.63000 -0.047289
19.64000 -0.048270
19.65000 -0.045890
19.66000 -0.042737
19.67000 -0.043566
19.68000 -0.041629
19.69000 -0.041152
19.70000 -0.040733
19.71000 -0.039621
19.72000 -0.038841
19.73000 -0.040401
19.74000 -0.038025
19.75000 -0.037941
19.76000 -0.034591
19.77000 -0.036658
19.78000 -0.036872
19.79000 -0.034250
19.80000 -0.032510
19.81000 -0.034209
19.82000 -0.029505
19.83000 -0.029149
19.84000 -0.029140
19.85000 -0.026572
19.86000 -0.026700
19.87000 -0.023883
19.88000 -0.024547
19.89000 -0.019338
19.90000 -0.017369
19.91000 -0.015095
19.92000 -0.013783
19.93000 -0.009732
19.94000 -0.004514
19.95000 -0.004351
19.96000 0.002825
19.97000 0.005371
19.98000 0.009581
19.99000 0.009053
20.00000 0.016237
20.01000 0.020053
20.02000 0.022878
20.03000 0.024462
20.04000 0.025976
20.05000 0.030542
20.06000 0.035122
20.07000 0.036214
20.08000 0.040905
20.09000 0.043510
20.10000 0.043145
20.11000 0.042710
20.12000 0.048215
20.13000 0.047676
20.14000 0.046003
20.15000 0.045237
20.16000 0.049137
20.17000 0.048588
20.18000 0.045822
20.19000 0.044435
20.20000 0.042018
20.21000 0.044108
20.22000 0.041350
20.23000 0.039416
20.24000 0.037088
20.25000 0.033497
20.26000 0.030294
20.27000 0.025252
20.28000 0.022618
20.29000 0.019165
20.30000 0.017120
20.31000 0.010773
20.32000 0.009612
20.33000 0.003908
20.34000 -0.000156
20.35000 -0.003758
20.36000 -0.006581
20.37000 -0.011058
20.38000 -0.012698
20.39000 -0.014830
20.40000 -0.019774
20.41000 -0.022450
20.42000 -0.027367
20.43000 -0.029497
20.44000 -0.035083
20.45000 -0.037135
20.46000 -0.039697
20.47000 -0.037727
20.48000 -0.040433
20.49000 -0.044704
20.50000 -0.045491
20.51000 -0.044450
20.52000 -0.045989
20.53000 -0.047824
20.54000 -0.047498
20.55000 -0.043192
20.56000 -0.043297
20.57000 -0.044393
20.58000 -0.043040
20.59000 -0.041406
20.60000 -0.039468
20.61000 -0.035495
20.62000 -0.031934
20.63000 -0.029325
20.64000 -0.028309
20.65000 -0.023857
20.66000 -0.021411
20.67000 -0.021130
20.68000 -0.018404
20.69000 -0.012147
20.70000 -0.009792
20.71000 -0.008498
20.72000 -0.007722
20.73000 -0.001398
20.74000 0.001368
20.75000 0.003213
20.76000 0.006178
20.77000 0.010312
20.78000 0.010118
20.79000 0.016441
20.80000 0.015917
20.81000 0.018023
20.82000 0.023564
20.83000 0.026921
20.84000 0.029018
20.85000 0.029093
20.86000 0.031441
20.87000 0.034159
20.88000 0.037800
20.89000 0.038225
20.90000 0.039062
20.91000 0.041139
20.92000 0.043967
20.93000 0.046792
20.94000 0.050308
20.95000 0.050677
20.96000 0.051993
20.97000 0.053109
20.98000 0.054350
20.99000 0.053761
21.00000 0.055180
21.01000 0.058963
21.02000 0.061036
21.03000 0.056860
21.04000 0.060209
21.05000 0.057970
21.06000 0.057730
21.07000 0.059110
21.08000 0.060683
21.09000 0.060178
21.10000 0.060524
21.11000 0.059465
21.12000 0.057598
21.13000 0.057147
21.14000 0.052784
21.15000 0.052246
21.16000 0.050497
21.17000 0.052832
21.18000 0.051541
21.19000 0.047342
21.20000 0.050738
21.21000 0.047713
21.22000 0.045031
21.23000 0.043121
21.24000 0.043114
21.25000 0.042176
21.26000 0.044049
21.27000 0.044009
21.28000 0.042443
21.29000 0.038927
21.30000 0.042151
21.31000 0.039053
21.32000 0.040418
21.33000 0.037546
21.34000 0.041957
21.35000 0.041327
21.36000 0.037980
21.37000 0.037913
21.38000 0.038915
21.39000 0.041602
21.40000 0.038708
21.41000 0.042048
21.42000 0.039984
21.43000 0.039015
21.44000 0.043519
21.45000 0.042399
21.46000 0.045681
21.47000 0.042868
21.48000 0.044486
21.49000 0.045398
21.50000 0.048497
21.51000 0.051625
21.52000 0.051721
21.53000 0.052461
21.54000 0.052173
21.55000 0.057895
21.56000 0.055819
21.57000 0.058734
21.58000 0.060882
21.59000 0.063122
21.60000 0.064093
21.61000 0.068035
21.62000 0.067358
21.63000 0.070103
21.64000 0.071620
21.65000 0.074216
21.66000 0.071320
21.67000 0.072987
21.68000 0.076689
21.69000 0.075952
21.70000 0.079612
21.71000 0.077078
21.72000 0.079007
21.73000 0.076754
21.74000 0.076600
21.75000 0.077803
21.76000 0.075550
21.77000 0.075876
21.78000 0.074909
21.79000 0.072913
21.80000 0.071099
21.81000 0.072454
21.82000 0.071735
21.83000 0.070378
21.84000 0.067212
21.85000 0.063192
21.86000 0.061071
21.87000 0.059046
21.88000 0.060155
21.89000 0.056155
21.90000 0.055607
21.91000 0.053599
21.92000 0.048312
21.93000 0.048001
21.94000 0.047195
21.95000 0.040936
21.96000 0.042103
21.97000 0.039621
21.98000 0.039667
21.99000 0.036115
22.00000 0.020660
22.01000 0.019344
22.02000 0.018169
22.03000 0.017141
22.04000 0.016263
22.05000 0.015539
22.06000 0.014986
22.07000 0.014593
22.08000 0.014352
22.09000 0.014257
22.10000 0.014303
22.11000 0.014486
22.12000 0.014797
22.13000 0.015210
22.14000 0.015711
22.15000 0.016283
22.16000 0.016907
22.17000 0.017563
22.18000 0.018223
22.19000 0.018865
22.20000 0.019467
22.21000 0.020004
22.22000 0.020441
22.23000 0.020763
22.24000 0.020951
22.25000 0.020984
22.26000 0.020846
22.27000 0.020501
22.28000 0.019946
22.29000 0.019178
22.30000 0.018192
22.31000 0.016983
22.32000 0.015538
22.33000 0.013856
22.34000 0.011961
22.35000 0.009864
22.36000 0.007574
22.37000 0.005103
22.38000 0.002457
22.39000 -0.000326
22.40000 -0.003226
22.41000 -0.006222
22.42000 -0.009291
22.43000 -0.012416
22.44000 -0.015566
22.45000 -0.018720
22.46000 -0.021858
22.47000 -0.024962
22.48000 -0.028008
22.49000 -0.030982
22.50000 -0.033874
22.51000 -0.036674
22.52000 -0.039374
22.53000 -0.041960
22.54000 -0.044427
22.55000 -0.046782
22.56000 -0.049024
22.57000 -0.051155
22.58000 -0.053176
22.59000 -0.055080
22.60000 -0.056886
22.61000 -0.058598
22.62000 -0.060220
22.63000 -0.061757
22.64000 -0.063203
22.65000 -0.064570
22.66000 -0.065863
22.67000 -0.067080
22.68000 -0.068222
22.69000 -0.069281
22.70000 -0.070257
22.71000 -0.071149
22.72000 -0.071953
22.73000 -0.072661
22.74000 -0.073262
22.75000 -0.073744
22.76000 -0.074109
22.77000 -0.074349
22.78000 -0.074456
22.79000 -0.074419
22.80000 -0.074221
22.81000 -0.073870
22.82000 -0.073363
22.83000 -0.072698
22.84000 -0.071873
22.85000 -0.070866
22.86000 -0.069700
22.87000 -0.068379
22.88000 -0.066908
22.89000 -0.065292
22.90000 -0.063528
22.91000 -0.061631
22.92000 -0.059617
22.93000 -0.057499
22.94000 -0.055286
22.95000 -0.052987
22.96000 -0.050615
22.97000 -0.048190
22.98000 -0.045724
22.99000 -0.043231
23.00000 -0.040722
23.01000 -0.038213
23.02000 -0.035718
23.03000 -0.033247
23.04000 -0.030813
23.05000 -0.028426
23.06000 -0.026107
23.07000 -0.023859
23.08000 -0.021690
23.09000 -0.019612
23.10000 -0.017631
23.11000 -0.015768
23.12000 -0.014024
23.13000 -0.012404
23.14000 -0.010913
23.15000 -0.009558
23.16000 -0.008352
23.17000 -0.007305
23.18000 -0.006408
23.19000 -0.005664
23.20000 -0.005077
23.21000 -0.004651
23.22000 -0.004400
23.23000 -0.004305
23.24000 -0.004365
23.25000 -0.004575
23.26000 -0.004930
23.27000 -0.005444
23.28000 -0.006089
23.29000 -0.006856
23.30000 -0.007737
23.31000 -0.008719
23.32000 -0.009800
23.33000 -0.010960
23.34000 -0.012183
23.35000 -0.013455
23.36000 -0.014762
23.37000 -0.016092
23.38000 -0.017428
23.39000 -0.018756
23.40000 -0.020064
23.41000 -0.021340
23.42000 -0.022572
23.43000 -0.023743
23.44000 -0.024850
23.45000 -0.025885
23.46000 -0.026843
23.47000 -0.027718
23.48000 -0.028494
23.49000 -0.029178
23.50000 -0.029770
23.51000 -0.030270
23.52000 -0.030676
23.53000 -0.030982
23.54000 -0.031194
23.55000 -0.031317
23.56000 -0.031355
23.57000 -0.031308
23.58000 -0.031174
23.59000 -0.030954
23.60000 -0.030658
23.61000 -0.030285
23.62000 -0.029838
23.63000 -0.029316
23.64000 -0.028713
23.65000 -0.028039
23.66000 -0.027293
23.67000 -0.026475
23.68000 -0.025587
23.69000 -0.024619
23.70000 -0.023581
23.71000 -0.022474
23.72000 -0.021301
23.73000 -0.020063
23.74000 -0.018758
23.75000 -0.017394
23.76000 -0.015978
23.77000 -0.014515
23.78000 -0.013013
23.79000 -0.011476
23.80000 -0.009915
23.81000 -0.008339
23.82000 -0.006758
23.83000 -0.005182
23.84000 -0.003622
23.85000 -0.002089
23.86000 -0.000593
23.87000 0.000859
23.88000 0.002258
23.89000 0.003596
23.90000 0.004859
23.91000 0.006047
23.92000 0.007160
23.93000 0.008194
23.94000 0.009149
23.95000 0.010019
23.96000 0.010812
23.97000 0.011536
23.98000 0.012196
23.99000 0.012802
24.00000 0.013359
24.01000 0.013880
24.02000 0.014378
24.03000 0.014865
24.04000 0.015355
24.05000 0.015859
24.06000 0.016394
24.07000 0.016970
24.08000 0.017598
24.09000 0.018288
24.10000 0.019050
24.11000 0.019902
24.12000 0.020840
24.13000 0.021868
24.14000 0.022988
24.15000 0.024200
24.16000 0.025510
24.17000 0.026908
24.18000 0.028384
24.19000 0.029929
24.20000 0.031533
24.21000 0.033185
24.22000 0.034869
24.23000 0.036566
24.24000 0.038259
24.25000 0.039930
24.26000 0.041558
24.27000 0.043117
24.28000 0.044590
24.29000 0.045960
24.30000 0.047207
24.31000 0.048311
24.32000 0.049234
24.33000 0.049976
24.34000 0.050524
24.35000 0.050864
24.36000 0.050987
24.37000 0.050860
24.38000 0.050489
24.39000 0.049880
24.40000 0.049032
24.41000 0.047947
24.42000 0.046615
24.43000 0.045043
24.44000 0.043258
24.45000 0.041273
24.46000 0.039106
24.47000 0.036770
24.48000 0.034277
24.49000 0.031668
24.50000 0.028968
24.51000 0.026203
24.52000 0.023400
24.53000 0.020590
24.54000 0.017806
24.55000 0.015076
24.56000 0.012430
24.57000 0.009895
24.58000 0.007512
24.59000 0.005304
24.60000 0.003287
24.61000 0.001481
24.62000 -0.000094
24.63000 -0.001409
24.64000 -0.002442
24.65000 -0.003205
24.66000 -0.003693
24.67000 -0.003902
24.68000 -0.003826
24.69000 -0.003446
24.70000 -0.002799
24.71000 -0.001897
24.72000 -0.000752
24.73000 0.000620
24.74000 0.002228
24.75000 0.004024
24.76000 0.005985
24.77000 0.008090
24.78000 0.010316
24.79000 0.012648
24.80000 0.015052
24.81000 0.017504
24.82000 0.019980
24.83000 0.022460
24.84000 0.024922
24.85000 0.027342
24.86000 0.029707
24.87000 0.031999
24.88000 0.034206
24.89000 0.036313
24.90000 0.038298
24.91000 0.040163
24.92000 0.041903
24.93000 0.043510
24.94000 0.044981
24.95000 0.046293
24.96000 0.047460
24.97000 0.048481
24.98000 0.049355
24.99000 0.050081
25.00000 0.050644
25.01000 0.051050
25.02000 0.051307
25.03000 0.051413
25.04000 0.051368
25.05000 0.051163
25.06000 0.050794
25.07000 0.050273
25.08000 0.049600
25.09000 0.048776
25.10000 0.047798
25.11000 0.046654
25.12000 0.045364
25.13000 0.043930
25.14000 0.042358
25.15000 0.040651
25.16000 0.038802
25.17000 0.036833
25.18000 0.034754
25.19000 0.032576
25.20000 0.030309
25.21000 0.027960
25.22000 0.025548
25.23000 0.023090
25.24000 0.020600
25.25000 0.018094
25.26000 0.015587
25.27000 0.013098
25.28000 0.010641
25.29000 0.008231
25.30000 0.005881
25.31000 0.003606
25.32000 0.001426
25.33000 -0.000656
25.34000 -0.002633
25.35000 -0.004497
25.36000 -0.006242
25.37000 -0.007849
25.38000 -0.009328
25.39000 -0.010682
25.40000 -0.011911
25.41000 -0.013016
25.42000 -0.013991
25.43000 -0.014846
25.44000 -0.015592
25.45000 -0.016235
25.46000 -0.016783
25.47000 -0.017236
25.48000 -0.017602
25.49000 -0.017894
25.50000 -0.018121
25.51000 -0.018287
25.52000 -0.018400
25.53000 -0.018461
25.54000 -0.018482
25.55000 -0.018467
25.56000 -0.018422
25.57000 -0.018350
25.58000 -0.018253
25.59000 -0.018137
25.60000 -0.018006
25.61000 -0.017862
25.62000 -0.017709
25.63000 -0.017549
25.64000 -0.017386
25.65000 -0.017224
25.66000 -0.017066
25.67000 -0.016915
25.68000 -0.016777
25.69000 -0.016656
25.70000 -0.016555
25.71000 -0.016478
25.72000 -0.016429
25.73000 -0.016412
25.74000 -0.016434
25.75000 -0.016495
25.76000 -0.016597
25.77000 -0.016740
25.78000 -0.016926
25.79000 -0.017159
25.80000 -0.017432
25.81000 -0.017743
25.82000 -0.018086
25.83000 -0.018457
25.84000 -0.018850
25.85000 -0.019256
25.86000 -0.019664
25.87000 -0.020066
25.88000 -0.020451
25.89000 -0.020806
25.90000 -0.021118
25.91000 -0.021376
25.92000 -0.021572
25.93000 -0.021694
25.94000 -0.021731
25.95000 -0.021665
25.96000 -0.021499
25.97000 -0.021227
25.98000 -0.020846
25.99000 -0.020354
26.00000 -0.019738
26.01000 -0.019012
26.02000 -0.018183
26.03000 -0.017257
26.04000 -0.016243
26.05000 -0.015145
26.06000 -0.013982
26.07000 -0.012770
26.08000 -0.011524
26.09000 -0.010261
26.10000 -0.008998
26.11000 -0.007756
26.12000 -0.006551
26.13000 -0.005399
26.14000 -0.004316
26.15000 -0.003320
26.16000 -0.002435
26.17000 -0.001662
26.18000 -0.001012
26.19000 -0.000491
26.20000 -0.000106
26.21000 0.000122
26.22000 0.000208
26.23000 0.000154
26.24000 -0.000035
26.25000 -0.000354
26.26000 -0.000804
26.27000 -0.001370
26.28000 -0.002035
26.29000 -0.002785
26.30000 -0.003606
26.31000 -0.004487
26.32000 -0.005411
26.33000 -0.006357
26.34000 -0.007312
26.35000 -0.008261
26.36000 -0.009188
26.37000 -0.010076
26.38000 -0.010916
26.39000 -0.011698
26.40000 -0.012414
26.41000 -0.013057
26.42000 -0.013612
26.43000 -0.014083
26.44000 -0.014472
26.45000 -0.014779
26.46000 -0.015006
26.47000 -0.015152
26.48000 -0.015226
26.49000 -0.015239
26.50000 -0.015199
26.51000 -0.015117
26.52000 -0.015000
26.53000 -0.014860
26.54000 -0.014710
26.55000 -0.014562
26.56000 -0.014424
26.57000 -0.014309
26.58000 -0.014228
26.59000 -0.014187
26.60000 -0.014193
26.61000 -0.014252
26.62000 -0.014367
26.63000 -0.014550
26.64000 -0.014795
26.65000 -0.015101
26.66000 -0.015465
26.67000 -0.015885
26.68000 -0.016360
26.69000 -0.016881
26.70000 -0.017437
26.71000 -0.018021
26.72000 -0.018624
26.73000 -0.019236
26.74000 -0.019846
26.75000 -0.020442
26.76000 -0.021016
26.77000 -0.021558
26.78000 -0.022057
26.79000 -0.022499
26.80000 -0.022884
26.81000 -0.023205
26.82000 -0.023457
26.83000 -0.023638
26.84000 -0.023737
26.85000 -0.023762
26.86000 -0.023716
26.87000 -0.023604
26.88000 -0.023428
26.89000 -0.023193
26.90000 -0.022909
26.91000 -0.022589
26.92000 -0.022242
26.93000 -0.021879
26.94000 -0.021514
26.95000 -0.021160
26.96000 -0.020829
26.97000 -0.020533
26.98000 -0.020285
26.99000 -0.020097
27.00000 -0.019987
27.01000 -0.019957
27.02000 -0.020015
27.03000 -0.020168
27.04000 -0.020420
27.05000 -0.020788
27.06000 -0.021263
27.07000 -0.021843
27.08000 -0.022526
27.09000 -0.023308
27.10000 -0.024193
27.11000 -0.025168
27.12000 -0.026221
27.13000 -0.027341
27.14000 -0.028519
27.15000 -0.029745
27.16000 -0.031005
27.17000 -0.032281
27.18000 -0.033562
27.19000 -0.034833
27.20000 -0.036081
27.21000 -0.037284
27.22000 -0.038435
27.23000 -0.039519
27.24000 -0.040526
27.25000 -0.041442
27.26000 -0.042244
27.27000 -0.042931
27.28000 -0.043495
27.29000 -0.043929
27.30000 -0.044224
27.31000 -0.044360
27.32000 -0.044337
27.33000 -0.044156
27.34000 -0.043813
27.35000 -0.043305
27.36000 -0.042620
27.37000 -0.041750
27.38000 -0.040707
27.39000 -0.039491
27.40000 -0.038102
27.41000 -0.036537
27.42000 -0.034778
27.43000 -0.032850
27.44000 -0.030753
27.45000 -0.028490
27.46000 -0.026065
27.47000 -0.023463
27.48000 -0.020705
27.49000 -0.017799
27.50000 -0.014752
27.51000 -0.011571
27.52000 -0.008252
27.53000 -0.004810
27.54000 -0.001260
27.55000 0.002387
27.56000 0.006122
27.57000 0.009936
27.58000 0.013817
27.59000 0.017746
27.60000 0.021710
27.61000 0.025694
27.62000 0.029684
27.63000 0.033662
27.64000 0.037612
27.65000 0.041518
27.66000 0.045364
27.67000 0.049134
27.68000 0.052798
27.69000 0.056348
27.70000 0.059769
27.71000 0.063046
27.72000 0.066161
27.73000 0.069083
27.74000 0.071802
27.75000 0.074311
27.76000 0.076597
27.77000 0.078648
27.78000 0.080437
27.79000 0.081944
27.80000 0.083181
27.81000 0.084138
27.82000 0.084811
27.83000 0.085188
27.84000 0.085237
27.85000 0.084990
27.86000 0.084450
27.87000 0.083619
27.88000 0.082503
27.89000 0.081077
27.90000 0.079382
27.91000 0.077434
27.92000 0.075250
27.93000 0.072846
27.94000 0.070227
27.95000 0.067424
27.96000 0.064472
27.97000 0.061395
27.98000 0.058221
27.99000 0.054973
28.00000 0.051686
28.01000 0.048391
28.02000 0.045119
28.03000 0.041896
28.04000 0.038753
28.05000 0.035729
28.06000 0.032838
28.07000 0.030103
28.08000 0.027541
28.09000 0.025171
28.10000 0.023033
28.11000 0.021116
28.12000 0.019423
28.13000 0.017958
28.14000 0.016720
28.15000 0.015724
28.16000 0.014954
28.17000 0.014387
28.18000 0.014009
28.19000 0.013805
28.20000 0.013761
28.21000 0.013859
28.22000 0.014063
28.23000 0.014349
28.24000 0.014693
28.25000 0.015073
28.26000 0.015460
28.27000 0.015830
28.28000 0.016161
28.29000 0.016432
28.30000 0.016627
28.31000 0.016717
28.32000 0.016696
28.33000 0.016556
28.34000 0.016289
28.35000 0.015891
28.36000 0.015347
28.37000 0.014663
28.38000 0.013848
28.39000 0.012907
28.40000 0.011848
28.41000 0.010675
28.42000 0.009394
28.43000 0.008027
28.44000 0.006585
28.45000 0.005080
28.46000 0.003524
28.47000 0.001927
28.48000 0.000305
28.49000 -0.001331
28.50000 -0.002971
28.51000 -0.004605
28.52000 -0.006224
28.53000 -0.007821
28.54000 -0.009389
28.55000 -0.010925
28.56000 -0.012423
28.57000 -0.013877
28.58000 -0.015284
28.59000 -0.016643
28.60000 -0.017953
28.61000 -0.019211
28.62000 -0.020412
28.63000 -0.021550
28.64000 -0.022628
28.65000 -0.023642
28.66000 -0.024588
28.67000 -0.025462
28.68000 -0.026250
28.69000 -0.026956
28.70000 -0.027576
28.71000 -0.028104
28.72000 -0.028534
28.73000 -0.028851
28.74000 -0.029060
28.75000 -0.029159
28.76000 -0.029145
28.77000 -0.029017
28.78000 -0.028765
28.79000 -0.028393
28.80000 -0.027910
28.81000 -0.027319
28.82000 -0.026625
28.83000 -0.025830
28.84000 -0.024940
28.85000 -0.023972
28.86000 -0.022936
28.87000 -0.021843
28.88000 -0.020704
28.89000 -0.019527
28.90000 -0.018330
28.91000 -0.017125
28.92000 -0.015921
28.93000 -0.014730
28.94000 -0.013564
28.95000 -0.012431
28.96000 -0.011335
28.97000 -0.010283
28.98000 -0.009278
28.99000 -0.008326
29.00000 -0.007428
29.01000 -0.006580
29.02000 -0.005779
29.03000 -0.005023
29.04000 -0.004310
29.05000 -0.003635
29.06000 -0.002991
29.07000 -0.002373
29.08000 -0.001775
29.09000 -0.001195
29.10000 -0.000630
29.11000 -0.000076
29.12000 0.000468
29.13000 0.001002
29.14000 0.001523
29.15000 0.002026
29.16000 0.002507
29.17000 0.002959
29.18000 0.003375
29.19000 0.003746
29.20000 0.004056
29.21000 0.004295
29.22000 0.004454
29.23000 0.004524
29.24000 0.004493
29.25000 0.004345
29.26000 0.004066
29.27000 0.003658
29.28000 0.003116
29.29000 0.002435
29.30000 0.001612
29.31000 0.000631
29.32000 -0.000486
29.33000 -0.001734
29.34000 -0.003106
29.35000 -0.004591
29.36000 -0.006190
29.37000 -0.007875
29.38000 -0.009631
29.39000 -0.011440
29.40000 -0.013284
29.41000 -0.015147
29.42000 -0.017006
29.43000 -0.018843
29.44000 -0.020641
29.45000 -0.022383
29.46000 -0.024051
29.47000 -0.025627
29.48000 -0.027104
29.49000 -0.028475
29.50000 -0.029732
29.51000 -0.030869
29.52000 -0.031867
29.53000 -0.032744
29.54000 -0.033499
29.55000 -0.034137
29.56000 -0.034663
29.57000 -0.035071
29.58000 -0.035380
29.59000 -0.035602
29.60000 -0.035745
29.61000 -0.035820
29.62000 -0.035831
29.63000 -0.035791
29.64000 -0.035713
29.65000 -0.035604
29.66000 -0.035472
29.67000 -0.035323
29.68000 -0.035163
29.69000 -0.034997
29.70000 -0.034829
29.71000 -0.034661
29.72000 -0.034495
29.73000 -0.034331
29.74000 -0.034168
29.75000 -0.034007
29.76000 -0.033845
29.77000 -0.033681
29.78000 -0.033513
29.79000 -0.033339
29.80000 -0.033158
29.81000 -0.032969
29.82000 -0.032770
29.83000 -0.032560
29.84000 -0.032338
29.85000 -0.032105
29.86000 -0.031861
29.87000 -0.031606
29.88000 -0.031339
29.89000 -0.031060
29.90000 -0.030771
29.91000 -0.030471
29.92000 -0.030158
29.93000 -0.029831
29.94000 -0.029487
29.95000 -0.029124
29.96000 -0.028739
29.97000 -0.028327
29.98000 -0.027884
29.99000 -0.027399
30.00000 -0.026868
