0.00000 0.005346
0.01000 0.001479
0.02000 -0.003586
0.03000 -0.005293
0.04000 -0.008305
0.05000 -0.014790
0.06000 -0.016611
0.07000 -0.018053
0.08000 -0.019363
0.09000 -0.013268
0.10000 -0.017718
0.11000 -0.013385
0.12000 -0.011945
0.13000 -0.010978
0.14000 -0.006956
0.15000 0.000351
0.16000 0.004069
0.17000 0.003912
0.18000 0.007916
0.19000 0.012609
0.20000 0.011128
0.21000 0.013654
0.22000 0.015148
0.23000 0.015343
0.24000 0.019565
0.25000 0.018760
0.26000 0.017146
0.27000 0.007200
0.28000 0.009602
0.29000 0.003194
0.30000 0.002080
0.31000 0.001725
0.32000 -0.006897
0.33000 -0.012521
0.34000 -0.010022
0.35000 -0.016089
0.36000 -0.014124
0.37000 -0.016420
0.38000 -0.022188
0.39000 -0.022086
0.40000 -0.023015
0.41000 -0.021196
0.42000 -0.021336
0.43000 -0.017851
0.44000 -0.016653
0.45000 -0.019183
0.46000 -0.010403
0.47000 -0.009031
0.48000 -0.002876
0.49000 -0.005585
0.50000 0.002520
0.51000 0.002413
0.52000 0.006104
0.53000 0.008025
0.54000 0.008121
0.55000 0.003032
0.56000 0.000112
0.57000 0.002331
0.58000 0.001342
0.59000 -0.002042
0.60000 -0.008332
0.61000 -0.006344
0.62000 -0.008729
0.63000 -0.010456
0.64000 -0.016547
0.65000 -0.021208
0.66000 -0.020425
0.67000 -0.021732
0.68000 -0.022483
0.69000 -0.022224
0.70000 -0.025754
0.71000 -0.020600
0.72000 -0.016830
0.73000 -0.019979
0.74000 -0.010818
0.75000 -0.010760
0.76000 -0.006742
0.77000 0.000880
0.78000 0.005455
0.79000 0.015053
0.80000 0.014054
0.81000 0.022152
0.82000 0.024840
0.83000 0.025307
0.84000 0.032418
0.85000 0.034140
0.86000 0.035536
0.87000 0.035967
0.88000 0.030791
0.89000 0.024789
0.90000 0.026471
0.91000 0.018579
0.92000 0.018325
0.93000 0.011428
0.94000 0.006159
0.95000 0.000540
0.96000 -0.008932
0.97000 -0.012696
0.98000 -0.014032
0.99000 -0.025586
1.00000 -0.025799
1.01000 -0.028022
1.02000 -0.024486
1.03000 -0.028173
1.04000 -0.027721
1.05000 -0.027955
1.06000 -0.018446
1.07000 -0.017401
1.08000 -0.016116
1.09000 -0.010979
1.10000 -0.006078
1.11000 0.002439
1.12000 0.002594
1.13000 0.011280
1.14000 0.015767
1.15000 0.014159
1.16000 0.021280
1.17000 0.021034
1.18000 0.021233
1.19000 0.014004
1.20000 0.014305
1.21000 0.009471
1.22000 -0.002024
1.23000 -0.009627
1.24000 -0.019956
1.25000 -0.027134
1.26000 -0.038113
1.27000 -0.044603
1.28000 -0.059635
1.29000 -0.062232
1.30000 -0.076533
1.31000 -0.082968
1.32000 -0.090392
1.33000 -0.095615
1.34000 -0.104810
1.35000 -0.108273
1.36000 -0.110356
1.37000 -0.104446
1.38000 -0.107879
1.39000 -0.107838
1.40000 -0.100396
1.41000 -0.101223
1.42000 -0.097312
1.43000 -0.089062
1.44000 -0.079881
1.45000 -0.083366
1.46000 -0.072994
1.47000 -0.068545
1.48000 -0.072269
1.49000 -0.065654
1.50000 -0.073670
1.51000 -0.068586
1.52000 -0.073072
1.53000 -0.081448
1.54000 -0.087612
1.55000 -0.095909
1.56000 -0.102341
1.57000 -0.116241
1.58000 -0.122814
1.59000 -0.135040
1.60000 -0.147053
1.61000 -0.155079
1.62000 -0.166964
1.63000 -0.174871
1.64000 -0.184298
1.65000 -0.192107
1.66000 -0.196492
1.67000 -0.198943
1.68000 -0.200305
1.69000 -0.199582
1.70000 -0.195635
1.71000 -0.190516
1.72000 -0.186192
1.73000 -0.181348
1.74000 -0.174109
1.75000 -0.169307
1.76000 -0.163997
1.77000 -0.151422
1.78000 -0.150816
1.79000 -0.143471
1.80000 -0.135132
1.81000 -0.130927
1.82000 -0.134919
1.83000 -0.131298
1.84000 -0.128244
1.85000 -0.136939
1.86000 -0.135877
1.87000 -0.138743
1.88000 -0.145986
1.89000 -0.153347
1.90000 -0.154899
1.91000 -0.161395
1.92000 -0.157718
1.93000 -0.160901
1.94000 -0.157928
1.95000 -0.151571
1.96000 -0.145129
1.97000 -0.127399
1.98000 -0.114692
1.99000 -0.093204
2.00000 -0.061291
2.01000 -0.036024
2.02000 0.002838
2.03000 0.040413
2.04000 0.085672
2.05000 0.134885
2.06000 0.186596
2.07000 0.234676
2.08000 0.288204
2.09000 0.348880
2.10000 0.402162
2.11000 0.453981
2.12000 0.494779
2.13000 0.543329
2.14000 0.585971
2.15000 0.619302
2.16000 0.647263
2.17000 0.669438
2.18000 0.685131
2.19000 0.694243
2.20000 0.694862
2.21000 0.686327
2.22000 0.675060
2.23000 0.644233
2.24000 0.618300
2.25000 0.575645
2.26000 0.536600
2.27000 0.492241
2.28000 0.435396
2.29000 0.382439
2.30000 0.323585
2.31000 0.261620
2.32000 0.207547
2.33000 0.150343
2.34000 0.092802
2.35000 0.046091
2.36000 -0.006915
2.37000 -0.050398
2.38000 -0.086840
2.39000 -0.124719
2.40000 -0.155252
2.41000 -0.171976
2.42000 -0.190190
2.43000 -0.207890
2.44000 -0.215133
2.45000 -0.213972
2.46000 -0.210741
2.47000 -0.203909
2.48000 -0.197996
2.49000 -0.182895
2.50000 -0.171297
2.51000 -0.159645
2.52000 -0.142863
2.53000 -0.129550
2.54000 -0.117742
2.55000 -0.111492
2.56000 -0.101246
2.57000 -0.095369
2.58000 -0.091616
2.59000 -0.091044
2.60000 -0.097036
2.61000 -0.101243
2.62000 -0.106412
2.63000 -0.114528
2.64000 -0.124284
2.65000 -0.140519
2.66000 -0.147817
2.67000 -0.163664
2.68000 -0.176458
2.69000 -0.194091
2.70000 -0.205729
2.71000 -0.219405
2.72000 -0.228330
2.73000 -0.243369
2.74000 -0.251375
2.75000 -0.259829
2.76000 -0.259760
2.77000 -0.265210
2.78000 -0.263724
2.79000 -0.261929
2.80000 -0.259942
2.81000 -0.259549
2.82000 -0.252537
2.83000 -0.250723
2.84000 -0.246708
2.85000 -0.239853
2.86000 -0.233061
2.87000 -0.229870
2.88000 -0.218859
2.89000 -0.220286
2.90000 -0.217925
2.91000 -0.208154
2.92000 -0.210665
2.93000 -0.214792
2.94000 -0.214123
2.95000 -0.211497
2.96000 -0.222661
2.97000 -0.221631
2.98000 -0.230264
2.99000 -0.232767
3.00000 -0.242008
3.01000 -0.246405
3.02000 -0.245977
3.03000 -0.248418
3.04000 -0.257713
3.05000 -0.254439
3.06000 -0.258653
3.07000 -0.257846
3.08000 -0.256839
3.09000 -0.251574
3.10000 -0.242526
3.11000 -0.241112
3.12000 -0.232184
3.13000 -0.224384
3.14000 -0.211022
3.15000 -0.195701
3.16000 -0.187979
3.17000 -0.176945
3.18000 -0.158496
3.19000 -0.147927
3.20000 -0.140270
3.21000 -0.124214
3.22000 -0.118208
3.23000 -0.106345
3.24000 -0.092468
3.25000 -0.091414
3.26000 -0.080867
3.27000 -0.077128
3.28000 -0.072208
3.29000 -0.065244
3.30000 -0.064386
3.31000 -0.065170
3.32000 -0.058595
3.33000 -0.059047
3.34000 -0.059517
3.35000 -0.063046
3.36000 -0.064140
3.37000 -0.058622
3.38000 -0.057506
3.39000 -0.055549
3.40000 -0.054851
3.41000 -0.050153
3.42000 -0.047332
3.43000 -0.043699
3.44000 -0.040560
3.45000 -0.033028
3.46000 -0.025773
3.47000 -0.011109
3.48000 -0.000418
3.49000 0.010849
3.50000 0.016741
3.51000 0.034394
3.52000 0.044564
3.53000 0.058124
3.54000 0.063630
3.55000 0.076631
3.56000 0.091069
3.57000 0.102960
3.58000 0.109352
3.59000 0.117506
3.60000 0.123356
3.61000 0.133097
3.62000 0.138115
3.63000 0.147725
3.64000 0.148267
3.65000 0.146401
3.66000 0.153083
3.67000 0.151763
3.68000 0.150393
3.69000 0.153581
3.70000 0.151758
3.71000 0.147460
3.72000 0.151874
3.73000 0.148914
3.74000 0.148210
3.75000 0.140427
3.76000 0.142436
3.77000 0.141664
3.78000 0.136658
3.79000 0.139344
3.80000 0.142248
3.81000 0.139740
3.82000 0.144624
3.83000 0.141791
3.84000 0.144747
3.85000 0.146613
3.86000 0.149416
3.87000 0.158940
3.88000 0.159908
3.89000 0.163460
3.90000 0.170028
3.91000 0.175772
3.92000 0.178029
3.93000 0.178828
3.94000 0.183716
3.95000 0.186222
3.96000 0.184215
3.97000 0.193133
3.98000 0.192432
3.99000 0.193452
4.00000 0.192211
4.01000 0.189822
4.02000 0.184775
4.03000 0.179161
4.04000 0.177204
4.05000 0.167465
4.06000 0.161360
4.07000 0.153902
4.08000 0.150367
4.09000 0.142429
4.10000 0.133153
4.11000 0.118355
4.12000 0.106234
4.13000 0.099001
4.14000 0.090280
4.15000 0.075014
4.16000 0.067930
4.17000 0.059833
4.18000 0.048715
4.19000 0.037211
4.20000 0.023437
4.21000 0.012369
4.22000 0.009058
4.23000 -0.005407
4.24000 -0.013066
4.25000 -0.023529
4.26000 -0.028441
4.27000 -0.040897
4.28000 -0.045016
4.29000 -0.055218
4.30000 -0.057389
4.31000 -0.062651
4.32000 -0.068920
4.33000 -0.074157
4.34000 -0.072267
4.35000 -0.079386
4.36000 -0.078741
4.37000 -0.075876
4.38000 -0.081802
4.39000 -0.077280
4.40000 -0.078328
4.41000 -0.075743
4.42000 -0.066551
4.43000 -0.067058
4.44000 -0.055043
4.45000 -0.055373
4.46000 -0.046266
4.47000 -0.032572
4.48000 -0.022651
4.49000 -0.016811
4.50000 -0.003209
4.51000 0.010779
4.52000 0.015484
4.53000 0.033435
4.54000 0.046582
4.55000 0.055138
4.56000 0.067269
4.57000 0.087190
4.58000 0.096134
4.59000 0.109029
4.60000 0.118318
4.61000 0.131046
4.62000 0.140522
4.63000 0.146467
4.64000 0.155621
4.65000 0.156512
4.66000 0.165128
4.67000 0.166078
4.68000 0.172585
4.69000 0.171544
4.70000 0.168159
4.71000 0.171196
4.72000 0.160805
4.73000 0.158670
4.74000 0.151912
4.75000 0.147001
4.76000 0.144017
4.77000 0.134860
4.78000 0.129599
4.79000 0.121630
4.80000 0.108298
4.81000 0.104786
4.82000 0.089296
4.83000 0.083744
4.84000 0.075702
4.85000 0.064281
4.86000 0.058782
4.87000 0.048596
4.88000 0.042764
4.89000 0.040186
4.90000 0.031945
4.91000 0.022768
4.92000 0.013784
4.93000 0.012957
4.94000 0.005748
4.95000 -0.004353
4.96000 -0.003861
4.97000 -0.014212
4.98000 -0.018032
4.99000 -0.028377
5.00000 -0.032712
5.01000 -0.036428
5.02000 -0.044630
5.03000 -0.052153
5.04000 -0.057854
5.05000 -0.060061
5.06000 -0.067997
5.07000 -0.072509
5.08000 -0.081003
5.09000 -0.078680
5.10000 -0.088289
5.11000 -0.090850
5.12000 -0.093557
5.13000 -0.096170
5.14000 -0.094849
5.15000 -0.091586
5.16000 -0.094200
5.17000 -0.086588
5.18000 -0.086176
5.19000 -0.085084
5.20000 -0.082004
5.21000 -0.072831
5.22000 -0.070747
5.23000 -0.056717
5.24000 -0.053985
5.25000 -0.047478
5.26000 -0.040616
5.27000 -0.032462
5.28000 -0.026877
5.29000 -0.022189
5.30000 -0.016403
5.31000 -0.010767
5.32000 -0.005597
5.33000 -0.001399
5.34000 -0.001857
5.35000 0.003277
5.36000 -0.003405
5.37000 -0.005613
5.38000 -0.007716
5.39000 -0.010576
5.40000 -0.014717
5.41000 -0.015637
5.42000 -0.019431
5.43000 -0.026479
5.44000 -0.026839
5.45000 -0.034792
5.46000 -0.038736
5.47000 -0.048496
5.48000 -0.050281
5.49000 -0.056377
5.50000 -0.058696
5.51000 -0.064280
5.52000 -0.065217
5.53000 -0.066966
5.54000 -0.066872
5.55000 -0.062483
5.56000 -0.061527
5.57000 -0.058296
5.58000 -0.060565
5.59000 -0.054391
5.60000 -0.055144
5.61000 -0.046818
5.62000 -0.041849
5.63000 -0.041670
5.64000 -0.038437
5.65000 -0.038070
5.66000 -0.030328
5.67000 -0.031693
5.68000 -0.028205
5.69000 -0.031133
5.70000 -0.026861
5.71000 -0.025579
5.72000 -0.031430
5.73000 -0.029892
5.74000 -0.034196
5.75000 -0.039882
5.76000 -0.040510
5.77000 -0.048780
5.78000 -0.050586
5.79000 -0.052861
5.80000 -0.055841
5.81000 -0.058629
5.82000 -0.061400
5.83000 -0.063647
5.84000 -0.065413
5.85000 -0.065505
5.86000 -0.069833
5.87000 -0.066163
5.88000 -0.069567
5.89000 -0.067930
5.90000 -0.068122
5.91000 -0.062353
5.92000 -0.054353
5.93000 -0.056466
5.94000 -0.051219
5.95000 -0.040308
5.96000 -0.037341
5.97000 -0.030169
5.98000 -0.023756
5.99000 -0.023779
6.00000 -0.019737
6.01000 -0.008443
6.02000 -0.007423
6.03000 0.001597
6.04000 0.006452
6.05000 0.009097
6.06000 0.013034
6.07000 0.011826
6.08000 0.018406
6.09000 0.018197
6.10000 0.018857
6.11000 0.023733
6.12000 0.030256
6.13000 0.025509
6.14000 0.033364
6.15000 0.033651
6.16000 0.036110
6.17000 0.035733
6.18000 0.033462
6.19000 0.036972
6.20000 0.034413
6.21000 0.035424
6.22000 0.040057
6.23000 0.043872
6.24000 0.037524
6.25000 0.044870
6.26000 0.042977
6.27000 0.039061
6.28000 0.040354
6.29000 0.034783
6.30000 0.039302
6.31000 0.036365
6.32000 0.026330
6.33000 0.030600
6.34000 0.021251
6.35000 0.021228
6.36000 0.012879
6.37000 0.011896
6.38000 0.008646
6.39000 0.004525
6.40000 0.001033
6.41000 -0.009056
6.42000 -0.009295
6.43000 -0.010781
6.44000 -0.011254
6.45000 -0.017154
6.46000 -0.017298
6.47000 -0.013806
6.48000 -0.007234
6.49000 -0.002400
6.50000 -0.001051
6.51000 0.008032
6.52000 0.014198
6.53000 0.021278
6.54000 0.028119
6.55000 0.038573
6.56000 0.049764
6.57000 0.059279
6.58000 0.071795
6.59000 0.081853
6.60000 0.095518
6.61000 0.106430
6.62000 0.114454
6.63000 0.124077
6.64000 0.135621
6.65000 0.146014
6.66000 0.154519
6.67000 0.161609
6.68000 0.169311
6.69000 0.171277
6.70000 0.174224
6.71000 0.175227
6.72000 0.170984
6.73000 0.176411
6.74000 0.170013
6.75000 0.170433
6.76000 0.166947
6.77000 0.158076
6.78000 0.155991
6.79000 0.151667
6.80000 0.144943
6.81000 0.142025
6.82000 0.138208
6.83000 0.130922
6.84000 0.126889
6.85000 0.126416
6.86000 0.121740
6.87000 0.118970
6.88000 0.114905
6.89000 0.111768
6.90000 0.113029
6.91000 0.119067
6.92000 0.117226
6.93000 0.114909
6.94000 0.117958
6.95000 0.124735
6.96000 0.127221
6.97000 0.137155
6.98000 0.137661
6.99000 0.147602
7.00000 0.152635
7.01000 0.159985
7.02000 0.162416
7.03000 0.173659
7.04000 0.177175
7.05000 0.180126
7.06000 0.189115
7.07000 0.193681
7.08000 0.194151
7.09000 0.198178
7.10000 0.205099
7.11000 0.200532
7.12000 0.204782
7.13000 0.205925
7.14000 0.208315
7.15000 0.202341
7.16000 0.201449
7.17000 0.199007
7.18000 0.199735
7.19000 0.193983
7.20000 0.189615
7.21000 0.183508
7.22000 0.183116
7.23000 0.176194
7.24000 0.167735
7.25000 0.161431
7.26000 0.147287
7.27000 0.141471
7.28000 0.129644
7.29000 0.127799
7.30000 0.118115
7.31000 0.102175
7.32000 0.090269
7.33000 0.084639
7.34000 0.074267
7.35000 0.068251
7.36000 0.054290
7.37000 0.043513
7.38000 0.038697
7.39000 0.028985
7.40000 0.023865
7.41000 0.010037
7.42000 0.006942
7.43000 0.000530
7.44000 -0.003666
7.45000 -0.011502
7.46000 -0.019373
7.47000 -0.021153
7.48000 -0.023799
7.49000 -0.027125
7.50000 -0.025809
7.51000 -0.025845
7.52000 -0.030239
7.53000 -0.027848
7.54000 -0.033186
7.55000 -0.033309
7.56000 -0.033786
7.57000 -0.035269
7.58000 -0.034709
7.59000 -0.030558
7.60000 -0.033065
7.61000 -0.032436
7.62000 -0.032318
7.63000 -0.037071
7.64000 -0.036008
7.65000 -0.040379
7.66000 -0.037526
7.67000 -0.039784
7.68000 -0.044385
7.69000 -0.046593
7.70000 -0.041926
7.71000 -0.046445
7.72000 -0.045953
7.73000 -0.045800
7.74000 -0.048388
7.75000 -0.045586
7.76000 -0.050416
7.77000 -0.043204
7.78000 -0.042569
7.79000 -0.044087
7.80000 -0.041710
7.81000 -0.036842
7.82000 -0.036732
7.83000 -0.032601
7.84000 -0.024673
7.85000 -0.026287
7.86000 -0.014929
7.87000 -0.013568
7.88000 -0.007966
7.89000 -0.003465
7.90000 0.000723
7.91000 0.001781
7.92000 0.004115
7.93000 0.002456
7.94000 0.008422
7.95000 0.010864
7.96000 0.012229
7.97000 0.008265
7.98000 0.010192
7.99000 0.006887
8.00000 0.005194
8.01000 0.008356
8.02000 0.002597
8.03000 -0.003716
8.04000 -0.004141
8.05000 -0.007655
8.06000 -0.016681
8.07000 -0.024227
8.08000 -0.027997
8.09000 -0.031326
8.10000 -0.040230
8.11000 -0.043537
8.12000 -0.051569
8.13000 -0.058199
8.14000 -0.071114
8.15000 -0.074661
8.16000 -0.082432
8.17000 -0.093061
8.18000 -0.097178
8.19000 -0.105248
8.20000 -0.109505
8.21000 -0.116356
8.22000 -0.124378
8.23000 -0.129077
8.24000 -0.133094
8.25000 -0.138186
8.26000 -0.141272
8.27000 -0.145068
8.28000 -0.150531
8.29000 -0.150592
8.30000 -0.154565
8.31000 -0.151890
8.32000 -0.150795
8.33000 -0.154464
8.34000 -0.151891
8.35000 -0.151764
8.36000 -0.146856
8.37000 -0.142409
8.38000 -0.145791
8.39000 -0.138532
8.40000 -0.131231
8.41000 -0.126883
8.42000 -0.128754
8.43000 -0.123875
8.44000 -0.110894
8.45000 -0.112598
8.46000 -0.104810
8.47000 -0.098985
8.48000 -0.092196
8.49000 -0.091703
8.50000 -0.086087
8.51000 -0.082678
8.52000 -0.078677
8.53000 -0.079414
8.54000 -0.073077
8.55000 -0.074637
8.56000 -0.076486
8.57000 -0.079905
8.58000 -0.077801
8.59000 -0.084347
8.60000 -0.088382
8.61000 -0.094573
8.62000 -0.100014
8.63000 -0.103551
8.64000 -0.109121
8.65000 -0.117794
8.66000 -0.126402
8.67000 -0.134689
8.68000 -0.147095
8.69000 -0.153656
8.70000 -0.168109
8.71000 -0.176567
8.72000 -0.186120
8.73000 -0.193599
8.74000 -0.196643
8.75000 -0.207348
8.76000 -0.217250
8.77000 -0.223658
8.78000 -0.224756
8.79000 -0.232342
8.80000 -0.235534
8.81000 -0.240616
8.82000 -0.244099
8.83000 -0.241477
8.84000 -0.243291
8.85000 -0.245583
8.86000 -0.239852
8.87000 -0.234900
8.88000 -0.232847
8.89000 -0.230962
8.90000 -0.227830
8.91000 -0.220200
8.92000 -0.209952
8.93000 -0.201833
8.94000 -0.193600
8.95000 -0.187027
8.96000 -0.172337
8.97000 -0.164403
8.98000 -0.149288
8.99000 -0.141179
9.00000 -0.122891
9.01000 -0.111112
9.02000 -0.095674
9.03000 -0.083903
9.04000 -0.074863
9.05000 -0.056464
9.06000 -0.046183
9.07000 -0.033668
9.08000 -0.017057
9.09000 -0.005932
9.10000 0.008311
9.11000 0.014667
9.12000 0.023787
9.13000 0.037556
9.14000 0.047253
9.15000 0.047383
9.16000 0.053616
9.17000 0.060441
9.18000 0.064629
9.19000 0.067781
9.20000 0.068532
9.21000 0.064535
9.22000 0.068732
9.23000 0.064230
9.24000 0.059376
9.25000 0.057034
9.26000 0.052890
9.27000 0.044165
9.28000 0.034307
9.29000 0.026318
9.30000 0.024726
9.31000 0.016982
9.32000 0.006605
9.33000 -0.004162
9.34000 -0.007868
9.35000 -0.017682
9.36000 -0.023791
9.37000 -0.030424
9.38000 -0.041819
9.39000 -0.045469
9.40000 -0.054667
9.41000 -0.054521
9.42000 -0.061743
9.43000 -0.070266
9.44000 -0.067711
9.45000 -0.070402
9.46000 -0.077691
9.47000 -0.082236
9.48000 -0.079398
9.49000 -0.082201
9.50000 -0.085544
9.51000 -0.083059
9.52000 -0.083446
9.53000 -0.083052
9.54000 -0.082377
9.55000 -0.087000
9.56000 -0.089890
9.57000 -0.088553
9.58000 -0.087711
9.59000 -0.090376
9.60000 -0.088406
9.61000 -0.086520
9.62000 -0.084663
9.63000 -0.088018
9.64000 -0.081442
9.65000 -0.083541
9.66000 -0.083730
9.67000 -0.075969
9.68000 -0.078098
9.69000 -0.076087
9.70000 -0.072267
9.71000 -0.066714
9.72000 -0.064277
9.73000 -0.066974
9.74000 -0.062218
9.75000 -0.057011
9.76000 -0.051622
9.77000 -0.045431
9.78000 -0.045471
9.79000 -0.042970
9.80000 -0.034244
9.81000 -0.034760
9.82000 -0.027130
9.83000 -0.022349
9.84000 -0.022675
9.85000 -0.021447
9.86000 -0.015551
9.87000 -0.018641
9.88000 -0.015350
9.89000 -0.013172
9.90000 -0.011299
9.91000 -0.011294
9.92000 -0.016331
9.93000 -0.013482
9.94000 -0.013048
9.95000 -0.016222
9.96000 -0.017180
9.97000 -0.021389
9.98000 -0.021388
9.99000 -0.019801
10.00000 -0.022885
10.01000 -0.024533
10.02000 -0.024896
10.03000 -0.027803
10.04000 -0.032185
10.05000 -0.034281
10.06000 -0.036839
10.07000 -0.036732
10.08000 -0.033414
10.09000 -0.030487
10.10000 -0.034037
10.11000 -0.030555
10.12000 -0.028091
10.13000 -0.032222
10.14000 -0.029478
10.15000 -0.027663
10.16000 -0.028876
10.17000 -0.022190
10.18000 -0.017278
10.19000 -0.021331
10.20000 -0.015478
10.21000 -0.012712
10.22000 -0.011195
10.23000 -0.007948
10.24000 0.000585
10.25000 -0.000338
10.26000 0.002514
10.27000 0.004288
10.28000 0.011043
10.29000 0.013302
10.30000 0.019095
10.31000 0.025436
10.32000 0.033872
10.33000 0.038737
10.34000 0.039092
10.35000 0.051849
10.36000 0.058280
10.37000 0.059339
10.38000 0.067191
10.39000 0.077799
10.40000 0.086368
10.41000 0.088305
10.42000 0.099515
10.43000 0.110100
10.44000 0.117509
10.45000 0.125668
10.46000 0.129456
10.47000 0.136281
10.48000 0.145265
10.49000 0.152719
10.50000 0.159621
10.51000 0.168613
10.52000 0.177293
10.53000 0.178059
10.54000 0.186672
10.55000 0.191373
10.56000 0.192178
10.57000 0.196358
10.58000 0.202133
10.59000 0.206881
10.60000 0.205635
10.61000 0.205966
10.62000 0.211827
10.63000 0.208719
10.64000 0.212134
10.65000 0.208699
10.66000 0.206167
10.67000 0.205158
10.68000 0.207294
10.69000 0.206359
10.70000 0.202394
10.71000 0.197890
10.72000 0.197064
10.73000 0.190148
10.74000 0.192295
10.75000 0.189532
10.76000 0.189701
10.77000 0.186941
10.78000 0.179648
10.79000 0.173920
10.80000 0.171450
10.81000 0.171016
10.82000 0.168412
10.83000 0.161232
10.84000 0.161500
10.85000 0.158260
10.86000 0.152217
10.87000 0.144471
10.88000 0.142321
10.89000 0.135146
10.90000 0.135760
10.91000 0.124684
10.92000 0.122179
10.93000 0.111446
10.94000 0.105127
10.95000 0.100715
10.96000 0.091663
10.97000 0.086175
10.98000 0.078075
10.99000 0.070989
11.00000 0.058487
11.01000 0.050969
11.02000 0.037313
11.03000 0.029855
11.04000 0.021581
11.05000 0.013096
11.06000 -0.000240
11.07000 -0.002004
11.08000 -0.018482
11.09000 -0.020472
11.10000 -0.032075
11.11000 -0.038112
11.12000 -0.049382
11.13000 -0.055836
11.14000 -0.061748
11.15000 -0.071111
11.16000 -0.076781
11.17000 -0.078192
11.18000 -0.088910
11.19000 -0.094026
11.20000 -0.096189
11.21000 -0.093692
11.22000 -0.102268
11.23000 -0.096540
11.24000 -0.103427
11.25000 -0.101981
11.26000 -0.105008
11.27000 -0.100093
11.28000 -0.100234
11.29000 -0.094962
11.30000 -0.096565
11.31000 -0.092848
11.32000 -0.092746
11.33000 -0.094800
11.34000 -0.089643
11.35000 -0.090131
11.36000 -0.090082
11.37000 -0.088433
11.38000 -0.083366
11.39000 -0.080840
11.40000 -0.081141
11.41000 -0.085115
11.42000 -0.086182
11.43000 -0.081432
11.44000 -0.085309
11.45000 -0.086763
11.46000 -0.082864
11.47000 -0.091765
11.48000 -0.090583
11.49000 -0.089882
11.50000 -0.095168
11.51000 -0.094510
11.52000 -0.095018
11.53000 -0.101750
11.54000 -0.101428
11.55000 -0.107740
11.56000 -0.110205
11.57000 -0.108255
11.58000 -0.111181
11.59000 -0.110922
11.60000 -0.110438
11.61000 -0.113046
11.62000 -0.110971
11.63000 -0.104004
11.64000 -0.101811
11.65000 -0.104646
11.66000 -0.095548
11.67000 -0.097747
11.68000 -0.087050
11.69000 -0.083148
11.70000 -0.075493
11.71000 -0.067521
11.72000 -0.059328
11.73000 -0.056078
11.74000 -0.049162
11.75000 -0.039743
11.76000 -0.027684
11.77000 -0.020058
11.78000 -0.015496
11.79000 0.000223
11.80000 0.005527
11.81000 0.014487
11.82000 0.024910
11.83000 0.033331
11.84000 0.041323
11.85000 0.049044
11.86000 0.058057
11.87000 0.061497
11.88000 0.068196
11.89000 0.072228
11.90000 0.081435
11.91000 0.082761
11.92000 0.086880
11.93000 0.092442
11.94000 0.094542
11.95000 0.095912
11.96000 0.100499
11.97000 0.101670
11.98000 0.106050
11.99000 0.109567
12.00000 0.110330
12.01000 0.109799
12.02000 0.109393
12.03000 0.107094
12.04000 0.112244
12.05000 0.112512
12.06000 0.107898
12.07000 0.113751
12.08000 0.112621
12.09000 0.112003
12.10000 0.106551
12.11000 0.109557
12.12000 0.108392
12.13000 0.113877
12.14000 0.116266
12.15000 0.111988
12.16000 0.114614
12.17000 0.111601
12.18000 0.116778
12.19000 0.115094
12.20000 0.116602
12.21000 0.111844
12.22000 0.115808
12.23000 0.114317
12.24000 0.117471
12.25000 0.113007
12.26000 0.113252
12.27000 0.115344
12.28000 0.114573
12.29000 0.108820
12.30000 0.110951
12.31000 0.104589
12.32000 0.101870
12.33000 0.103370
12.34000 0.095484
12.35000 0.088996
12.36000 0.085753
12.37000 0.084693
12.38000 0.077467
12.39000 0.075607
12.40000 0.077330
12.41000 0.069519
12.42000 0.067478
12.43000 0.059955
12.44000 0.059670
12.45000 0.057966
12.46000 0.051496
12.47000 0.048712
12.48000 0.049458
12.49000 0.046675
12.50000 0.043110
12.51000 0.042242
12.52000 0.036967
12.53000 0.042361
12.54000 0.044006
12.55000 0.038221
12.56000 0.041487
12.57000 0.043728
12.58000 0.044610
12.59000 0.050359
12.60000 0.049454
12.61000 0.054220
12.62000 0.055527
12.63000 0.062370
12.64000 0.061470
12.65000 0.068234
12.66000 0.071307
12.67000 0.068654
12.68000 0.075793
12.69000 0.075837
12.70000 0.080585
12.71000 0.077097
12.72000 0.080743
12.73000 0.079831
12.74000 0.086992
12.75000 0.085579
12.76000 0.086935
12.77000 0.087831
12.78000 0.081706
12.79000 0.085419
12.80000 0.080892
12.81000 0.080866
12.82000 0.075315
12.83000 0.076332
12.84000 0.065774
12.85000 0.062132
12.86000 0.058167
12.87000 0.060040
12.88000 0.048382
12.89000 0.044528
12.90000 0.043301
12.91000 0.031466
12.92000 0.028158
12.93000 0.019717
12.94000 0.012034
12.95000 0.009193
12.96000 -0.001362
12.97000 -0.000726
12.98000 -0.005970
12.99000 -0.016803
13.00000 -0.020251
13.01000 -0.028988
13.02000 -0.032985
13.03000 -0.033356
13.04000 -0.039951
13.05000 -0.040939
13.06000 -0.051332
13.07000 -0.051877
13.08000 -0.053516
13.09000 -0.056658
13.10000 -0.054385
13.11000 -0.055590
13.12000 -0.058144
13.13000 -0.057545
13.14000 -0.065060
13.15000 -0.064522
13.16000 -0.060821
13.17000 -0.063104
13.18000 -0.060259
13.19000 -0.062115
13.20000 -0.060936
13.21000 -0.062947
13.22000 -0.062930
13.23000 -0.061813
13.24000 -0.065204
13.25000 -0.060029
13.26000 -0.059915
13.27000 -0.065016
13.28000 -0.061941
13.29000 -0.067381
13.30000 -0.066462
13.31000 -0.067892
13.32000 -0.069486
13.33000 -0.071016
13.34000 -0.081766
13.35000 -0.078994
13.36000 -0.086844
13.37000 -0.086119
13.38000 -0.091569
13.39000 -0.093129
13.40000 -0.091940
13.41000 -0.097005
13.42000 -0.097112
13.43000 -0.095607
13.44000 -0.102051
13.45000 -0.098872
13.46000 -0.101030
13.47000 -0.100829
13.48000 -0.099182
13.49000 -0.097109
13.50000 -0.097648
13.51000 -0.098258
13.52000 -0.095468
13.53000 -0.098469
13.54000 -0.092506
13.55000 -0.087336
13.56000 -0.092108
13.57000 -0.081779
13.58000 -0.083130
13.59000 -0.082751
13.60000 -0.075900
13.61000 -0.071784
13.62000 -0.069591
13.63000 -0.065478
13.64000 -0.065421
13.65000 -0.062806
13.66000 -0.060866
13.67000 -0.052307
13.68000 -0.052089
13.69000 -0.051901
13.70000 -0.047475
13.71000 -0.046343
13.72000 -0.042817
13.73000 -0.036886
13.74000 -0.039697
13.75000 -0.035956
13.76000 -0.037647
13.77000 -0.035589
13.78000 -0.031849
13.79000 -0.028172
13.80000 -0.031138
13.81000 -0.033770
13.82000 -0.029503
13.83000 -0.031680
13.84000 -0.029585
13.85000 -0.032036
13.86000 -0.029069
13.87000 -0.027986
13.88000 -0.024187
13.89000 -0.030221
13.90000 -0.029232
13.91000 -0.027254
13.92000 -0.022901
13.93000 -0.027644
13.94000 -0.025784
13.95000 -0.025435
13.96000 -0.022257
13.97000 -0.026720
13.98000 -0.021989
13.99000 -0.023455
14.00000 -0.019378
14.01000 -0.019429
14.02000 -0.021423
14.03000 -0.015005
14.04000 -0.015796
14.05000 -0.015931
14.06000 -0.010992
14.07000 -0.007554
14.08000 -0.008875
14.09000 -0.001440
14.10000 -0.003633
14.11000 0.003051
14.12000 0.001660
14.13000 0.007388
14.14000 0.016948
14.15000 0.018475
14.16000 0.024387
14.17000 0.024143
14.18000 0.029193
14.19000 0.033585
14.20000 0.041900
14.21000 0.050258
14.22000 0.051033
14.23000 0.060561
14.24000 0.060815
14.25000 0.069629
14.26000 0.080231
14.27000 0.082606
14.28000 0.090804
14.29000 0.091100
14.30000 0.102000
14.31000 0.110029
14.32000 0.116228
14.33000 0.114138
14.34000 0.124217
14.35000 0.124758
14.36000 0.132306
14.37000 0.137145
14.38000 0.144392
14.39000 0.149097
14.40000 0.146638
14.41000 0.151009
14.42000 0.154030
14.43000 0.156858
14.44000 0.152875
14.45000 0.157588
14.46000 0.154230
14.47000 0.150677
14.48000 0.151042
14.49000 0.145709
14.50000 0.144545
14.51000 0.131565
14.52000 0.126185
14.53000 0.120678
14.54000 0.115507
14.55000 0.106357
14.56000 0.091046
14.57000 0.085410
14.58000 0.070092
14.59000 0.061955
14.60000 0.052385
14.61000 0.038467
14.62000 0.026611
14.63000 0.015541
14.64000 -0.000759
14.65000 -0.013228
14.66000 -0.020813
14.67000 -0.030491
14.68000 -0.046208
14.69000 -0.053095
14.70000 -0.065767
14.71000 -0.077240
14.72000 -0.085663
14.73000 -0.089666
14.74000 -0.103802
14.75000 -0.109172
14.76000 -0.114589
14.77000 -0.118237
14.78000 -0.127833
14.79000 -0.129344
14.80000 -0.132387
14.81000 -0.136357
14.82000 -0.140655
14.83000 -0.146704
14.84000 -0.141370
14.85000 -0.143744
14.86000 -0.148565
14.87000 -0.148207
14.88000 -0.150145
14.89000 -0.143674
14.90000 -0.148394
14.91000 -0.143051
14.92000 -0.139057
14.93000 -0.139859
14.94000 -0.134526
14.95000 -0.134089
14.96000 -0.128536
14.97000 -0.122856
14.98000 -0.119190
14.99000 -0.116533
15.00000 -0.106809
15.01000 -0.099866
15.02000 -0.091518
15.03000 -0.086447
15.04000 -0.076156
15.05000 -0.070097
15.06000 -0.060067
15.07000 -0.052583
15.08000 -0.041251
15.09000 -0.035298
15.10000 -0.019162
15.11000 -0.010619
15.12000 -0.003508
15.13000 0.012868
15.14000 0.023625
15.15000 0.032560
15.16000 0.037286
15.17000 0.052842
15.18000 0.064568
15.19000 0.073576
15.20000 0.076879
15.21000 0.087153
15.22000 0.094756
15.23000 0.096408
15.24000 0.106596
15.25000 0.111635
15.26000 0.112732
15.27000 0.116989
15.28000 0.117198
15.29000 0.118268
15.30000 0.116551
15.31000 0.117906
15.32000 0.113608
15.33000 0.109538
15.34000 0.107341
15.35000 0.101573
15.36000 0.092183
15.37000 0.084468
15.38000 0.075381
15.39000 0.072992
15.40000 0.063435
15.41000 0.056670
15.42000 0.045853
15.43000 0.039817
15.44000 0.024009
15.45000 0.014558
15.46000 0.007852
15.47000 -0.004135
15.48000 -0.012396
15.49000 -0.018775
15.50000 -0.028009
15.51000 -0.037507
15.52000 -0.045824
15.53000 -0.055970
15.54000 -0.062178
15.55000 -0.067752
15.56000 -0.078853
15.57000 -0.082213
15.58000 -0.088325
15.59000 -0.088921
15.60000 -0.094135
15.61000 -0.102039
15.62000 -0.099660
15.63000 -0.105590
15.64000 -0.105859
15.65000 -0.108586
15.66000 -0.102989
15.67000 -0.104569
15.68000 -0.106732
15.69000 -0.103163
15.70000 -0.097918
15.71000 -0.102225
15.72000 -0.097889
15.73000 -0.095291
15.74000 -0.085705
15.75000 -0.085983
15.76000 -0.082209
15.77000 -0.077280
15.78000 -0.073036
15.79000 -0.068424
15.80000 -0.065608
15.81000 -0.061835
15.82000 -0.053773
15.83000 -0.050902
15.84000 -0.043391
15.85000 -0.043589
15.86000 -0.036138
15.87000 -0.036569
15.88000 -0.032336
15.89000 -0.026035
15.90000 -0.019170
15.91000 -0.016941
15.92000 -0.015166
15.93000 -0.008752
15.94000 -0.009028
15.95000 -0.003440
15.96000 -0.002955
15.97000 -0.001156
15.98000 0.002249
15.99000 -0.000975
16.00000 0.005444
16.01000 0.005112
16.02000 0.003957
16.03000 0.005645
16.04000 0.004337
16.05000 0.010179
16.06000 0.006906
16.07000 0.005635
16.08000 0.008943
16.09000 0.011333
16.10000 0.011605
16.11000 0.009226
16.12000 0.009065
16.13000 0.013206
16.14000 0.013034
16.15000 0.010165
16.16000 0.015245
16.17000 0.015609
16.18000 0.013043
16.19000 0.018175
16.20000 0.016625
16.21000 0.018909
16.22000 0.020014
16.23000 0.024319
16.24000 0.022903
16.25000 0.025489
16.26000 0.026199
16.27000 0.031639
16.28000 0.031206
16.29000 0.034085
16.30000 0.042174
16.31000 0.039531
16.32000 0.047850
16.33000 0.047602
16.34000 0.055647
16.35000 0.057300
16.36000 0.056257
16.37000 0.063453
16.38000 0.061870
16.39000 0.070498
16.40000 0.067801
16.41000 0.076857
16.42000 0.076629
16.43000 0.077204
16.44000 0.079783
16.45000 0.076621
16.46000 0.074844
16.47000 0.073690
16.48000 0.078029
16.49000 0.070194
16.50000 0.070266
16.51000 0.072941
16.52000 0.062824
16.53000 0.057328
16.54000 0.056368
16.55000 0.049002
16.56000 0.045024
16.57000 0.036426
16.58000 0.036478
16.59000 0.027466
16.60000 0.023397
16.61000 0.011125
16.62000 0.004353
16.63000 -0.001098
16.64000 -0.011283
16.65000 -0.019870
16.66000 -0.023316
16.67000 -0.036228
16.68000 -0.045457
16.69000 -0.052874
16.70000 -0.055809
16.71000 -0.067421
16.72000 -0.076319
16.73000 -0.076105
16.74000 -0.087245
16.75000 -0.090686
16.76000 -0.096386
16.77000 -0.101219
16.78000 -0.108353
16.79000 -0.111217
16.80000 -0.108965
16.81000 -0.114810
16.82000 -0.113824
16.83000 -0.110143
16.84000 -0.110341
16.85000 -0.110662
16.86000 -0.105688
16.87000 -0.103685
16.88000 -0.091151
16.89000 -0.090867
16.90000 -0.078928
16.91000 -0.073274
16.92000 -0.067721
16.93000 -0.053644
16.94000 -0.045048
16.95000 -0.033547
16.96000 -0.025049
16.97000 -0.015891
16.98000 0.001924
16.99000 0.009415
17.00000 0.023351
17.01000 0.035394
17.02000 0.046679
17.03000 0.053792
17.04000 0.068287
17.05000 0.079897
17.06000 0.083098
17.07000 0.095081
17.08000 0.103827
17.09000 0.108783
17.10000 0.111079
17.11000 0.119849
17.12000 0.121803
17.13000 0.120304
17.14000 0.120578
17.15000 0.120025
17.16000 0.122043
17.17000 0.122454
17.18000 0.118656
17.19000 0.112750
17.20000 0.106682
17.21000 0.101912
17.22000 0.097897
17.23000 0.092547
17.24000 0.085423
17.25000 0.076785
17.26000 0.070238
17.27000 0.058279
17.28000 0.057047
17.29000 0.045876
17.30000 0.035330
17.31000 0.033234
17.32000 0.021840
17.33000 0.018073
17.34000 0.011089
17.35000 0.005793
17.36000 -0.001831
17.37000 -0.009869
17.38000 -0.018074
17.39000 -0.019028
17.40000 -0.026442
17.41000 -0.032658
17.42000 -0.034159
17.43000 -0.040023
17.44000 -0.048793
17.45000 -0.046890
17.46000 -0.056546
17.47000 -0.058650
17.48000 -0.067332
17.49000 -0.070036
17.50000 -0.070763
17.51000 -0.077971
17.52000 -0.078913
17.53000 -0.088674
17.54000 -0.092633
17.55000 -0.089212
17.56000 -0.098995
17.57000 -0.104321
17.58000 -0.107403
17.59000 -0.105463
17.60000 -0.113737
17.61000 -0.117410
17.62000 -0.122068
17.63000 -0.119759
17.64000 -0.129262
17.65000 -0.124263
17.66000 -0.131527
17.67000 -0.134155
17.68000 -0.136866
17.69000 -0.137337
17.70000 -0.138248
17.71000 -0.141711
17.72000 -0.140982
17.73000 -0.139246
17.74000 -0.144460
17.75000 -0.145127
17.76000 -0.141748
17.77000 -0.144257
17.78000 -0.139427
17.79000 -0.139010
17.80000 -0.137923
17.81000 -0.137484
17.82000 -0.141673
17.83000 -0.131486
17.84000 -0.136347
17.85000 -0.129543
17.86000 -0.127315
17.87000 -0.119756
17.88000 -0.120338
17.89000 -0.116848
17.90000 -0.113820
17.91000 -0.107795
17.92000 -0.095707
17.93000 -0.093841
17.94000 -0.089040
17.95000 -0.079833
17.96000 -0.074961
17.97000 -0.072238
17.98000 -0.069438
17.99000 -0.061394
18.00000 -0.050662
18.01000 -0.049949
18.02000 -0.039375
18.03000 -0.035341
18.04000 -0.028889
18.05000 -0.027484
18.06000 -0.026616
18.07000 -0.019268
18.08000 -0.013812
18.09000 -0.010163
18.10000 -0.005861
18.11000 -0.008072
18.12000 0.000986
18.13000 0.001394
18.14000 0.000698
18.15000 0.006856
18.16000 0.000865
18.17000 0.003005
18.18000 0.003756
18.19000 0.011946
18.20000 0.007832
18.21000 0.011312
18.22000 0.012237
18.23000 0.013011
18.24000 0.013728
18.25000 0.018900
18.26000 0.019947
18.27000 0.020791
18.28000 0.026318
18.29000 0.029075
18.30000 0.038643
18.31000 0.043036
18.32000 0.041578
18.33000 0.046765
18.34000 0.057096
18.35000 0.066007
18.36000 0.064527
18.37000 0.076246
18.38000 0.082653
18.39000 0.086287
18.40000 0.093981
18.41000 0.101737
18.42000 0.111825
18.43000 0.117874
18.44000 0.128601
18.45000 0.136705
18.46000 0.142524
18.47000 0.150273
18.48000 0.150467
18.49000 0.161572
18.50000 0.161449
18.51000 0.171439
18.52000 0.173857
18.53000 0.177128
18.54000 0.177626
18.55000 0.180182
18.56000 0.187428
18.57000 0.186023
18.58000 0.187584
18.59000 0.186573
18.60000 0.185673
18.61000 0.181236
18.62000 0.181182
18.63000 0.183036
18.64000 0.173375
18.65000 0.169845
18.66000 0.167428
18.67000 0.164406
18.68000 0.160545
18.69000 0.150051
18.70000 0.150303
18.71000 0.140609
18.72000 0.138133
18.73000 0.127082
18.74000 0.120940
18.75000 0.111835
18.76000 0.109038
18.77000 0.105124
18.78000 0.098195
18.79000 0.088896
18.80000 0.080869
18.81000 0.076479
18.82000 0.075373
18.83000 0.063597
18.84000 0.058605
18.85000 0.056148
18.86000 0.058068
18.87000 0.052824
18.88000 0.045158
18.89000 0.042806
18.90000 0.040393
18.91000 0.039368
18.92000 0.037716
18.93000 0.034934
18.94000 0.035641
18.95000 0.030105
18.96000 0.030138
18.97000 0.026683
18.98000 0.023987
18.99000 0.020753
19.00000 0.018837
19.01000 0.017620
19.02000 0.020224
19.03000 0.011310
19.04000 0.014096
19.05000 0.008725
19.06000 0.005434
19.07000 0.004212
19.08000 0.001391
19.09000 -0.004005
19.10000 -0.012366
19.11000 -0.009887
19.12000 -0.014327
19.13000 -0.021236
19.14000 -0.030661
19.15000 -0.035444
19.16000 -0.039408
19.17000 -0.043868
19.18000 -0.046543
19.19000 -0.048828
19.20000 -0.056450
19.21000 -0.065553
19.22000 -0.068998
19.23000 -0.070965
19.24000 -0.079286
19.25000 -0.084441
19.26000 -0.088979
19.27000 -0.090723
19.28000 -0.097952
19.29000 -0.104728
19.30000 -0.104301
19.31000 -0.110971
19.32000 -0.115040
19.33000 -0.121107
19.34000 -0.119016
19.35000 -0.124049
19.36000 -0.131101
19.37000 -0.126422
19.38000 -0.131773
19.39000 -0.135887
19.40000 -0.132682
19.41000 -0.137408
19.42000 -0.139248
19.43000 -0.137138
19.44000 -0.139279
19.45000 -0.136929
19.46000 -0.136364
19.47000 -0.135862
19.48000 -0.135522
19.49000 -0.134141
19.50000 -0.129715
19.51000 -0.123506
19.52000 -0.124040
19.53000 -0.117878
19.54000 -0.120403
19.55000 -0.114903
19.56000 -0.108306
19.57000 -0.108329
19.58000 -0.098312
19.59000 -0.098854
19.60000 -0.093129
19.61000 -0.087686
19.62000 -0.081647
19.63000 -0.080771
19.64000 -0.075927
19.65000 -0.068448
19.66000 -0.061297
19.67000 -0.059047
19.68000 -0.056101
19.69000 -0.048165
19.70000 -0.047801
19.71000 -0.041405
19.72000 -0.037459
19.73000 -0.039614
19.74000 -0.030868
19.75000 -0.027146
19.76000 -0.027924
19.77000 -0.019274
19.78000 -0.018324
19.79000 -0.012304
19.80000 -0.010327
19.81000 -0.008854
19.82000 -0.006608
19.83000 -0.002828
19.84000 0.007304
19.85000 0.008448
19.86000 0.016203
19.87000 0.015868
19.88000 0.028337
19.89000 0.031381
19.90000 0.033716
19.91000 0.041366
19.92000 0.051049
19.93000 0.053856
19.94000 0.059193
19.95000 0.073500
19.96000 0.074923
19.97000 0.082031
19.98000 0.092762
19.99000 0.098277
20.00000 0.109969
20.01000 0.114702
20.02000 0.118860
20.03000 0.126161
20.04000 0.133763
20.05000 0.141728
20.06000 0.146473
20.07000 0.154836
20.08000 0.161757
20.09000 0.165843
20.10000 0.164520
20.11000 0.169387
20.12000 0.173851
20.13000 0.176558
20.14000 0.173660
20.15000 0.180033
20.16000 0.179991
20.17000 0.172618
20.18000 0.174387
20.19000 0.170896
20.20000 0.168399
20.21000 0.160230
20.22000 0.154558
20.23000 0.150583
20.24000 0.150712
20.25000 0.141000
20.26000 0.130282
20.27000 0.122256
20.28000 0.122030
20.29000 0.113456
20.30000 0.100416
20.31000 0.090948
20.32000 0.081483
20.33000 0.077159
20.34000 0.067317
20.35000 0.057333
20.36000 0.043271
20.37000 0.040643
20.38000 0.025990
20.39000 0.018433
20.40000 0.010894
20.41000 -0.000759
20.42000 -0.005695
20.43000 -0.016781
20.44000 -0.022486
20.45000 -0.023123
20.46000 -0.029212
20.47000 -0.037287
20.48000 -0.043070
20.49000 -0.049902
20.50000 -0.049167
20.51000 -0.057517
20.52000 -0.054957
20.53000 -0.057940
20.54000 -0.061364
20.55000 -0.066362
20.56000 -0.061672
20.57000 -0.067939
20.58000 -0.068576
20.59000 -0.062240
20.60000 -0.063891
20.61000 -0.064745
20.62000 -0.062198
20.63000 -0.058628
20.64000 -0.055355
20.65000 -0.051368
20.66000 -0.050478
20.67000 -0.051806
20.68000 -0.044750
20.69000 -0.040419
20.70000 -0.035884
20.71000 -0.035927
20.72000 -0.035221
20.73000 -0.026338
20.74000 -0.024284
20.75000 -0.025596
20.76000 -0.019140
20.77000 -0.017210
20.78000 -0.011916
20.79000 -0.014000
20.80000 -0.007076
20.81000 -0.003624
20.82000 0.000674
20.83000 0.002833
20.84000 0.004369
20.85000 0.007565
20.86000 0.004194
20.87000 0.013009
20.88000 0.009335
20.89000 0.012559
20.90000 0.011022
20.91000 0.012090
20.92000 0.017324
20.93000 0.015910
20.94000 0.015466
20.95000 0.016979
20.96000 0.016136
20.97000 0.022968
20.98000 0.024396
20.99000 0.019421
21.00000 0.021366
21.01000 0.021375
21.02000 0.017812
21.03000 0.016156
21.04000 0.015188
21.05000 0.015637
21.06000 0.016369
21.07000 0.010995
21.08000 0.008949
21.09000 0.007749
21.10000 0.005940
21.11000 0.005776
21.12000 0.003478
21.13000 0.001944
21.14000 -0.005261
21.15000 -0.006081
21.16000 -0.006355
21.17000 -0.011443
21.18000 -0.013799
21.19000 -0.017357
21.20000 -0.013236
21.21000 -0.016014
21.22000 -0.021542
21.23000 -0.026854
21.24000 -0.022446
21.25000 -0.027355
21.26000 -0.027793
21.27000 -0.031400
21.28000 -0.033076
21.29000 -0.029091
21.30000 -0.027705
21.31000 -0.031634
21.32000 -0.034406
21.33000 -0.030530
21.34000 -0.031908
21.35000 -0.030076
21.36000 -0.028010
21.37000 -0.027142
21.38000 -0.023619
21.39000 -0.021400
21.40000 -0.023591
21.41000 -0.014500
21.42000 -0.019678
21.43000 -0.010944
21.44000 -0.006162
21.45000 -0.009208
21.46000 -0.001453
21.47000 -0.001140
21.48000 0.009366
21.49000 0.013397
21.50000 0.018875
21.51000 0.020361
21.52000 0.022933
21.53000 0.027636
21.54000 0.038576
21.55000 0.043409
21.56000 0.048892
21.57000 0.053259
21.58000 0.055043
21.59000 0.066701
21.60000 0.067180
21.61000 0.072393
21.62000 0.077831
21.63000 0.082123
21.64000 0.091254
21.65000 0.093980
21.66000 0.096762
21.67000 0.101781
21.68000 0.104756
21.69000 0.110068
21.70000 0.110003
21.71000 0.112873
21.72000 0.114885
21.73000 0.118602
21.74000 0.119487
21.75000 0.114164
21.76000 0.120348
21.77000 0.116482
21.78000 0.115845
21.79000 0.112435
21.80000 0.111766
21.81000 0.105954
21.82000 0.109579
21.83000 0.104500
21.84000 0.098431
21.85000 0.093562
21.86000 0.086217
21.87000 0.088572
21.88000 0.084700
21.89000 0.076087
21.90000 0.070893
21.91000 0.070119
21.92000 0.059030
21.93000 0.053980
21.94000 0.049983
21.95000 0.049447
21.96000 0.042573
21.97000 0.040624
21.98000 0.031302
21.99000 0.030790
22.00000 0.046525
22.01000 0.043872
22.02000 0.041579
22.03000 0.039658
22.04000 0.038114
22.05000 0.036951
22.06000 0.036205
22.07000 0.035845
22.08000 0.035845
22.09000 0.036191
22.10000 0.036861
22.11000 0.037851
22.12000 0.039130
22.13000 0.040644
22.14000 0.042359
22.15000 0.044236
22.16000 0.046236
22.17000 0.048319
22.18000 0.050426
22.19000 0.052512
22.20000 0.054530
22.21000 0.056434
22.22000 0.058152
22.23000 0.059653
22.24000 0.060898
22.25000 0.061844
22.26000 0.062456
22.27000 0.062659
22.28000 0.062442
22.29000 0.061794
22.30000 0.060696
22.31000 0.059133
22.32000 0.057067
22.33000 0.054486
22.34000 0.051431
22.35000 0.047910
22.36000 0.043937
22.37000 0.039521
22.38000 0.034656
22.39000 0.029420
22.40000 0.023845
22.41000 0.017971
22.42000 0.011836
22.43000 0.005459
22.44000 -0.001084
22.45000 -0.007747
22.46000 -0.014487
22.47000 -0.021260
22.48000 -0.028021
22.49000 -0.034725
22.50000 -0.041336
22.51000 -0.047824
22.52000 -0.054157
22.53000 -0.060300
22.54000 -0.066226
22.55000 -0.071933
22.56000 -0.077410
22.57000 -0.082650
22.58000 -0.087642
22.59000 -0.092367
22.60000 -0.096856
22.61000 -0.101114
22.62000 -0.105150
22.63000 -0.108973
22.64000 -0.112567
22.65000 -0.115970
22.66000 -0.119193
22.67000 -0.122242
22.68000 -0.125127
22.69000 -0.127837
22.70000 -0.130383
22.71000 -0.132771
22.72000 -0.134998
22.73000 -0.137058
22.74000 -0.138932
22.75000 -0.140601
22.76000 -0.142068
22.77000 -0.143314
22.78000 -0.144323
22.79000 -0.145070
22.80000 -0.145511
22.81000 -0.145655
22.82000 -0.145485
22.83000 -0.144985
22.84000 -0.144142
22.85000 -0.142896
22.86000 -0.141282
22.87000 -0.139299
22.88000 -0.136946
22.89000 -0.134226
22.90000 -0.131115
22.91000 -0.127643
22.92000 -0.123845
22.93000 -0.119740
22.94000 -0.115352
22.95000 -0.110695
22.96000 -0.105801
22.97000 -0.100722
22.98000 -0.095492
22.99000 -0.090149
23.00000 -0.084727
23.01000 -0.079266
23.02000 -0.073809
23.03000 -0.068391
23.04000 -0.063046
23.05000 -0.057805
23.06000 -0.052718
23.07000 -0.047800
23.08000 -0.043071
23.09000 -0.038554
23.10000 -0.034265
23.11000 -0.030243
23.12000 -0.026489
23.13000 -0.023000
23.14000 -0.019783
23.15000 -0.016840
23.16000 -0.014190
23.17000 -0.011837
23.18000 -0.009756
23.19000 -0.007944
23.20000 -0.006396
23.21000 -0.005111
23.22000 -0.004104
23.23000 -0.003339
23.24000 -0.002806
23.25000 -0.002497
23.26000 -0.002404
23.27000 -0.002541
23.28000 -0.002873
23.29000 -0.003385
23.30000 -0.004068
23.31000 -0.004908
23.32000 -0.005904
23.33000 -0.007032
23.34000 -0.008271
23.35000 -0.009604
23.36000 -0.011014
23.37000 -0.012485
23.38000 -0.013995
23.39000 -0.015521
23.40000 -0.017041
23.41000 -0.018536
23.42000 -0.019983
23.43000 -0.021354
23.44000 -0.022634
23.45000 -0.023807
23.46000 -0.024855
23.47000 -0.025761
23.48000 -0.026493
23.49000 -0.027055
23.50000 -0.027442
23.51000 -0.027646
23.52000 -0.027664
23.53000 -0.027479
23.54000 -0.027101
23.55000 -0.026546
23.56000 -0.025818
23.57000 -0.024929
23.58000 -0.023881
23.59000 -0.022686
23.60000 -0.021371
23.61000 -0.019950
23.62000 -0.018439
23.63000 -0.016851
23.64000 -0.015199
23.65000 -0.013505
23.66000 -0.011781
23.67000 -0.010039
23.68000 -0.008290
23.69000 -0.006543
23.70000 -0.004805
23.71000 -0.003080
23.72000 -0.001372
23.73000 0.000319
23.74000 0.001990
23.75000 0.003645
23.76000 0.005285
23.77000 0.006914
23.78000 0.008535
23.79000 0.010151
23.80000 0.011763
23.81000 0.013375
23.82000 0.014986
23.83000 0.016595
23.84000 0.018201
23.85000 0.019800
23.86000 0.021386
23.87000 0.022953
23.88000 0.024494
23.89000 0.026000
23.90000 0.027456
23.91000 0.028858
23.92000 0.030195
23.93000 0.031460
23.94000 0.032646
23.95000 0.033737
23.96000 0.034735
23.97000 0.035640
23.98000 0.036455
23.99000 0.037183
24.00000 0.037827
24.01000 0.038398
24.02000 0.038915
24.03000 0.039396
24.04000 0.039859
24.05000 0.040326
24.06000 0.040827
24.07000 0.041386
24.08000 0.042028
24.09000 0.042778
24.10000 0.043662
24.11000 0.044726
24.12000 0.045972
24.13000 0.047419
24.14000 0.049078
24.15000 0.050959
24.16000 0.053087
24.17000 0.055450
24.18000 0.058029
24.19000 0.060810
24.20000 0.063773
24.21000 0.066899
24.22000 0.070154
24.23000 0.073487
24.24000 0.076857
24.25000 0.080216
24.26000 0.083512
24.27000 0.086674
24.28000 0.089658
24.29000 0.092409
24.30000 0.094873
24.31000 0.097000
24.32000 0.098684
24.33000 0.099921
24.34000 0.100677
24.35000 0.100918
24.36000 0.100617
24.37000 0.099698
24.38000 0.098175
24.39000 0.096072
24.40000 0.093390
24.41000 0.090143
24.42000 0.086321
24.43000 0.081945
24.44000 0.077095
24.45000 0.071812
24.46000 0.066146
24.47000 0.060142
24.48000 0.053842
24.49000 0.047342
24.50000 0.040706
24.51000 0.033997
24.52000 0.027281
24.53000 0.020634
24.54000 0.014120
24.55000 0.007797
24.56000 0.001720
24.57000 -0.004059
24.58000 -0.009456
24.59000 -0.014440
24.60000 -0.018991
24.61000 -0.023078
24.62000 -0.026677
24.63000 -0.029739
24.64000 -0.032236
24.65000 -0.034203
24.66000 -0.035640
24.67000 -0.036550
24.68000 -0.036929
24.69000 -0.036747
24.70000 -0.036080
24.71000 -0.034949
24.72000 -0.033378
24.73000 -0.031395
24.74000 -0.028983
24.75000 -0.026221
24.76000 -0.023146
24.77000 -0.019792
24.78000 -0.016192
24.79000 -0.012366
24.80000 -0.008364
24.81000 -0.004229
24.82000 0.000004
24.83000 0.004300
24.84000 0.008626
24.85000 0.012944
24.86000 0.017220
24.87000 0.021424
24.88000 0.025527
24.89000 0.029498
24.90000 0.033291
24.91000 0.036898
24.92000 0.040297
24.93000 0.043466
24.94000 0.046386
24.95000 0.049005
24.96000 0.051337
24.97000 0.053372
24.98000 0.055101
24.99000 0.056516
25.00000 0.057582
25.01000 0.058312
25.02000 0.058719
25.03000 0.058806
25.04000 0.058579
25.05000 0.058027
25.06000 0.057155
25.07000 0.055999
25.08000 0.054574
25.09000 0.052893
25.10000 0.050970
25.11000 0.048806
25.12000 0.046446
25.13000 0.043911
25.14000 0.041222
25.15000 0.038401
25.16000 0.035457
25.17000 0.032427
25.18000 0.029334
25.19000 0.026198
25.20000 0.023039
25.21000 0.019877
25.22000 0.016734
25.23000 0.013627
25.24000 0.010571
25.25000 0.007581
25.26000 0.004675
25.27000 0.001872
25.28000 -0.000826
25.29000 -0.003409
25.30000 -0.005868
25.31000 -0.008192
25.32000 -0.010360
25.33000 -0.012384
25.34000 -0.014258
25.35000 -0.015978
25.36000 -0.017541
25.37000 -0.018926
25.38000 -0.020148
25.39000 -0.021210
25.40000 -0.022110
25.41000 -0.022849
25.42000 -0.023415
25.43000 -0.023818
25.44000 -0.024067
25.45000 -0.024167
25.46000 -0.024122
25.47000 -0.023931
25.48000 -0.023598
25.49000 -0.023141
25.50000 -0.022570
25.51000 -0.021893
25.52000 -0.021120
25.53000 -0.020256
25.54000 -0.019325
25.55000 -0.018339
25.56000 -0.017314
25.57000 -0.016264
25.58000 -0.015204
25.59000 -0.014155
25.60000 -0.013132
25.61000 -0.012151
25.62000 -0.011228
25.63000 -0.010388
25.64000 -0.009643
25.65000 -0.009004
25.66000 -0.008485
25.67000 -0.008096
25.68000 -0.007856
25.69000 -0.007778
25.70000 -0.007857
25.71000 -0.008096
25.72000 -0.008497
25.73000 -0.009061
25.74000 -0.009800
25.75000 -0.010689
25.76000 -0.011717
25.77000 -0.012874
25.78000 -0.014145
25.79000 -0.015524
25.80000 -0.016979
25.81000 -0.018487
25.82000 -0.020026
25.83000 -0.021572
25.84000 -0.023095
25.85000 -0.024567
25.86000 -0.025961
25.87000 -0.027252
25.88000 -0.028415
25.89000 -0.029413
25.90000 -0.030216
25.91000 -0.030815
25.92000 -0.031191
25.93000 -0.031328
25.94000 -0.031207
25.95000 -0.030790
25.96000 -0.030101
25.97000 -0.029138
25.98000 -0.027903
25.99000 -0.026401
26.00000 -0.024609
26.01000 -0.022572
26.02000 -0.020311
26.03000 -0.017846
26.04000 -0.015203
26.05000 -0.012397
26.06000 -0.009469
26.07000 -0.006459
26.08000 -0.003400
26.09000 -0.000329
26.10000 0.002717
26.11000 0.005694
26.12000 0.008570
26.13000 0.011310
26.14000 0.013883
26.15000 0.016254
26.16000 0.018369
26.17000 0.020230
26.18000 0.021817
26.19000 0.023112
26.20000 0.024105
26.21000 0.024746
26.22000 0.025067
26.23000 0.025073
26.24000 0.024770
26.25000 0.024167
26.26000 0.023253
26.27000 0.022060
26.28000 0.020622
26.29000 0.018963
26.30000 0.017107
26.31000 0.015075
26.32000 0.012896
26.33000 0.010613
26.34000 0.008256
26.35000 0.005854
26.36000 0.003436
26.37000 0.001033
26.38000 -0.001329
26.39000 -0.003628
26.40000 -0.005842
26.41000 -0.007956
26.42000 -0.009939
26.43000 -0.011793
26.44000 -0.013511
26.45000 -0.015092
26.46000 -0.016533
26.47000 -0.017826
26.48000 -0.018984
26.49000 -0.020022
26.50000 -0.020951
26.51000 -0.021785
26.52000 -0.022533
26.53000 -0.023215
26.54000 -0.023852
26.55000 -0.024462
26.56000 -0.025063
26.57000 -0.025671
26.58000 -0.026308
26.59000 -0.026985
26.60000 -0.027716
26.61000 -0.028511
26.62000 -0.029378
26.63000 -0.030335
26.64000 -0.031376
26.65000 -0.032501
26.66000 -0.033707
26.67000 -0.034990
26.68000 -0.036348
26.69000 -0.037768
26.70000 -0.039232
26.71000 -0.040728
26.72000 -0.042240
26.73000 -0.043749
26.74000 -0.045234
26.75000 -0.046677
26.76000 -0.048058
26.77000 -0.049360
26.78000 -0.050562
26.79000 -0.051633
26.80000 -0.052571
26.81000 -0.053364
26.82000 -0.053998
26.83000 -0.054466
26.84000 -0.054741
26.85000 -0.054837
26.86000 -0.054758
26.87000 -0.054508
26.88000 -0.054093
26.89000 -0.053511
26.90000 -0.052783
26.91000 -0.051934
26.92000 -0.050981
26.93000 -0.049947
26.94000 -0.048853
26.95000 -0.047728
26.96000 -0.046602
26.97000 -0.045504
26.98000 -0.044460
26.99000 -0.043501
27.00000 -0.042669
27.01000 -0.041979
27.02000 -0.041453
27.03000 -0.041116
27.04000 -0.040987
27.05000 -0.041111
27.06000 -0.041479
27.07000 -0.042098
27.08000 -0.042974
27.09000 -0.044109
27.10000 -0.045523
27.11000 -0.047201
27.12000 -0.049118
27.13000 -0.051262
27.14000 -0.053614
27.15000 -0.056164
27.16000 -0.058888
27.17000 -0.061744
27.18000 -0.064704
27.19000 -0.067735
27.20000 -0.070807
27.21000 -0.073882
27.22000 -0.076922
27.23000 -0.079894
27.24000 -0.082766
27.25000 -0.085503
27.26000 -0.088053
27.27000 -0.090399
27.28000 -0.092518
27.29000 -0.094383
27.30000 -0.095973
27.31000 -0.097240
27.32000 -0.098175
27.33000 -0.098779
27.34000 -0.099040
27.35000 -0.098949
27.36000 -0.098481
27.37000 -0.097619
27.38000 -0.096392
27.39000 -0.094802
27.40000 -0.092850
27.41000 -0.090533
27.42000 -0.087822
27.43000 -0.084768
27.44000 -0.081376
27.45000 -0.077657
27.46000 -0.073618
27.47000 -0.069235
27.48000 -0.064550
27.49000 -0.059580
27.50000 -0.054335
27.51000 -0.048828
27.52000 -0.043050
27.53000 -0.037024
27.54000 -0.030776
27.55000 -0.024321
27.56000 -0.017674
27.57000 -0.010843
27.58000 -0.003842
27.59000 0.003295
27.60000 0.010548
27.61000 0.017895
27.62000 0.025313
27.63000 0.032777
27.64000 0.040254
27.65000 0.047714
27.66000 0.055127
27.67000 0.062462
27.68000 0.069667
27.69000 0.076715
27.70000 0.083573
27.71000 0.090206
27.72000 0.096577
27.73000 0.102622
27.74000 0.108309
27.75000 0.113621
27.76000 0.118525
27.77000 0.122988
27.78000 0.126957
27.79000 0.130385
27.80000 0.133289
27.81000 0.135651
27.82000 0.137456
27.83000 0.138682
27.84000 0.139262
27.85000 0.139265
27.86000 0.138695
27.87000 0.137560
27.88000 0.135874
27.89000 0.133593
27.90000 0.130800
27.91000 0.127533
27.92000 0.123825
27.93000 0.119714
27.94000 0.115214
27.95000 0.110389
27.96000 0.105305
27.97000 0.100015
27.98000 0.094568
27.99000 0.089016
28.00000 0.083420
28.01000 0.077841
28.02000 0.072332
28.03000 0.066944
28.04000 0.061729
28.05000 0.056762
28.06000 0.052064
28.07000 0.047672
28.08000 0.043620
28.09000 0.039936
28.10000 0.036695
28.11000 0.033874
28.12000 0.031479
28.13000 0.029514
28.14000 0.027980
28.15000 0.026906
28.16000 0.026263
28.17000 0.026011
28.18000 0.026127
28.19000 0.026582
28.20000 0.027361
28.21000 0.028429
28.22000 0.029722
28.23000 0.031199
28.24000 0.032817
28.25000 0.034532
28.26000 0.036301
28.27000 0.038068
28.28000 0.039791
28.29000 0.041431
28.30000 0.042948
28.31000 0.044285
28.32000 0.045422
28.33000 0.046335
28.34000 0.047001
28.35000 0.047400
28.36000 0.047493
28.37000 0.047279
28.38000 0.046768
28.39000 0.045960
28.40000 0.044860
28.41000 0.043462
28.42000 0.041769
28.43000 0.039823
28.44000 0.037643
28.45000 0.035250
28.46000 0.032665
28.47000 0.029898
28.48000 0.026998
28.49000 0.023992
28.50000 0.020907
28.51000 0.017769
28.52000 0.014603
28.53000 0.011441
28.54000 0.008306
28.55000 0.005221
28.56000 0.002204
28.57000 -0.000714
28.58000 -0.003518
28.59000 -0.006199
28.60000 -0.008743
28.61000 -0.011140
28.62000 -0.013371
28.63000 -0.015422
28.64000 -0.017300
28.65000 -0.019001
28.66000 -0.020521
28.67000 -0.021854
28.68000 -0.022981
28.69000 -0.023922
28.70000 -0.024678
28.71000 -0.025250
28.72000 -0.025640
28.73000 -0.025829
28.74000 -0.025838
28.75000 -0.025674
28.76000 -0.025342
28.77000 -0.024847
28.78000 -0.024181
28.79000 -0.023357
28.80000 -0.022391
28.81000 -0.021290
28.82000 -0.020064
28.83000 -0.018715
28.84000 -0.017254
28.85000 -0.015699
28.86000 -0.014063
28.87000 -0.012358
28.88000 -0.010595
28.89000 -0.008783
28.90000 -0.006943
28.91000 -0.005084
28.92000 -0.003221
28.93000 -0.001363
28.94000 0.000474
28.95000 0.002282
28.96000 0.004053
28.97000 0.005777
28.98000 0.007450
28.99000 0.009059
29.00000 0.010602
29.01000 0.012077
29.02000 0.013485
29.03000 0.014822
29.04000 0.016085
29.05000 0.017271
29.06000 0.018387
29.07000 0.019433
29.08000 0.020411
29.09000 0.021317
29.10000 0.022146
29.11000 0.022904
29.12000 0.023589
29.13000 0.024197
29.14000 0.024724
29.15000 0.025154
29.16000 0.025486
29.17000 0.025715
29.18000 0.025831
29.19000 0.025823
29.20000 0.025668
29.21000 0.025356
29.22000 0.024884
29.23000 0.024239
29.24000 0.023410
29.25000 0.022377
29.26000 0.021120
29.27000 0.019651
29.28000 0.017964
29.29000 0.016056
29.30000 0.013922
29.31000 0.011541
29.32000 0.008947
29.33000 0.006148
29.34000 0.003155
29.35000 -0.000018
29.36000 -0.003371
29.37000 -0.006864
29.38000 -0.010472
29.39000 -0.014171
29.40000 -0.017934
29.41000 -0.021735
29.42000 -0.025539
29.43000 -0.029317
29.44000 -0.033039
29.45000 -0.036678
29.46000 -0.040200
29.47000 -0.043572
29.48000 -0.046781
29.49000 -0.049807
29.50000 -0.052633
29.51000 -0.055240
29.52000 -0.057592
29.53000 -0.059707
29.54000 -0.061583
29.55000 -0.063217
29.56000 -0.064612
29.57000 -0.065746
29.58000 -0.066652
29.59000 -0.067345
29.60000 -0.067837
29.61000 -0.068145
29.62000 -0.068270
29.63000 -0.068239
29.64000 -0.068079
29.65000 -0.067808
29.66000 -0.067443
29.67000 -0.067001
29.68000 -0.066498
29.69000 -0.065957
29.70000 -0.065393
29.71000 -0.064820
29.72000 -0.064248
29.73000 -0.063692
29.74000 -0.063159
29.75000 -0.062655
29.76000 -0.062185
29.77000 -0.061753
29.78000 -0.061366
29.79000 -0.061019
29.80000 -0.060711
29.81000 -0.060440
29.82000 -0.060201
29.83000 -0.059993
29.84000 -0.059807
29.85000 -0.059637
29.86000 -0.059474
29.87000 -0.059313
29.88000 -0.059142
29.89000 -0.058953
29.90000 -0.058736
29.91000 -0.058483
29.92000 -0.058183
29.93000 -0.057826
29.94000 -0.057393
29.95000 -0.056881
29.96000 -0.056280
29.97000 -0.055580
29.98000 -0.054771
29.99000 -0.053830
30.00000 -0.052755
