0.00000 0.021349
0.01000 0.021711
0.02000 0.024241
0.03000 0.025185
0.04000 0.021408
0.05000 0.022579
0.06000 0.023948
0.07000 0.025153
0.08000 0.022080
0.09000 0.024915
0.10000 0.021825
0.11000 0.022698
0.12000 0.023060
0.13000 0.019584
0.14000 0.016522
0.15000 0.017461
0.16000 0.018346
0.17000 0.014664
0.18000 0.012418
0.19000 0.012044
0.20000 0.007992
0.21000 0.009137
0.22000 0.006685
0.23000 0.010690
0.24000 0.011299
0.25000 0.011456
0.26000 0.009810
0.27000 0.009353
0.28000 0.010945
0.29000 0.012465
0.30000 0.010774
0.31000 0.015435
0.32000 0.020210
0.33000 0.020328
0.34000 0.018958
0.35000 0.020659
0.36000 0.024606
0.37000 0.021256
0.38000 0.022138
0.39000 0.024480
0.40000 0.024278
0.41000 0.020675
0.42000 0.020839
0.43000 0.018388
0.44000 0.018978
0.45000 0.015394
0.46000 0.013950
0.47000 0.007403
0.48000 0.006255
0.49000 0.003096
0.50000 0.003041
0.51000 0.001766
0.52000 0.000392
0.53000 -0.004570
0.54000 -0.006254
0.55000 -0.006420
0.56000 -0.001319
0.57000 -0.003168
0.58000 -0.000179
0.59000 -0.000352
0.60000 0.006733
0.61000 0.010229
0.62000 0.009543
0.63000 0.017239
0.64000 0.021314
0.65000 0.022502
0.66000 0.025038
0.67000 0.029545
0.68000 0.038907
0.69000 0.040096
0.70000 0.043708
0.71000 0.046478
0.72000 0.052094
0.73000 0.048688
0.74000 0.053351
0.75000 0.050717
0.76000 0.050275
0.77000 0.049400
0.78000 0.047811
0.79000 0.044471
0.80000 0.043976
0.81000 0.040880
0.82000 0.031217
0.83000 0.027746
0.84000 0.027239
0.85000 0.019833
0.86000 0.012472
0.87000 0.010414
0.88000 0.003753
0.89000 0.001341
0.90000 -0.001990
0.91000 -0.007864
0.92000 -0.009139
0.93000 -0.012106
0.94000 -0.009651
0.95000 -0.009396
0.96000 -0.011182
0.97000 -0.012162
0.98000 -0.008255
0.99000 -0.010079
1.00000 -0.008154
1.01000 -0.002991
1.02000 -0.004251
1.03000 0.000840
1.04000 0.001755
1.05000 0.002801
1.06000 0.002063
1.07000 0.004147
1.08000 0.006965
1.09000 0.008844
1.10000 0.012152
1.11000 0.011828
1.12000 0.013078
1.13000 0.009211
1.14000 0.007598
1.15000 0.012426
1.16000 0.004812
1.17000 0.004178
1.18000 0.006746
1.19000 0.001490
1.20000 0.000075
1.21000 -0.003095
1.22000 -0.006606
1.23000 -0.007801
1.24000 -0.009682
1.25000 -0.013768
1.26000 -0.019686
1.27000 -0.022510
1.28000 -0.024648
1.29000 -0.025039
1.30000 -0.027488
1.31000 -0.033167
1.32000 -0.031238
1.33000 -0.039088
1.34000 -0.041688
1.35000 -0.044037
1.36000 -0.045756
1.37000 -0.048951
1.38000 -0.051607
1.39000 -0.054696
1.40000 -0.051777
1.41000 -0.057950
1.42000 -0.061256
1.43000 -0.059276
1.44000 -0.066894
1.45000 -0.064819
1.46000 -0.066717
1.47000 -0.065722
1.48000 -0.069584
1.49000 -0.067894
1.50000 -0.074372
1.51000 -0.071852
1.52000 -0.073522
1.53000 -0.073855
1.54000 -0.075408
1.55000 -0.075687
1.56000 -0.075799
1.57000 -0.076186
1.58000 -0.074018
1.59000 -0.071303
1.60000 -0.072438
1.61000 -0.072950
1.62000 -0.078951
1.63000 -0.077836
1.64000 -0.082772
1.65000 -0.084233
1.66000 -0.088245
1.67000 -0.093327
1.68000 -0.100496
1.69000 -0.109707
1.70000 -0.113917
1.71000 -0.122194
1.72000 -0.130576
1.73000 -0.133057
1.74000 -0.141776
1.75000 -0.150994
1.76000 -0.156621
1.77000 -0.159596
1.78000 -0.168755
1.79000 -0.166620
1.80000 -0.170214
1.81000 -0.169181
1.82000 -0.170114
1.83000 -0.168153
1.84000 -0.159792
1.85000 -0.150244
1.86000 -0.140375
1.87000 -0.127984
1.88000 -0.115242
1.89000 -0.091608
1.90000 -0.072624
1.91000 -0.051064
1.92000 -0.030034
1.93000 -0.003822
1.94000 0.024233
1.95000 0.052485
1.96000 0.083108
1.97000 0.113733
1.98000 0.147781
1.99000 0.178156
2.00000 0.203535
2.01000 0.231089
2.02000 0.255252
2.03000 0.279953
2.04000 0.305961
2.05000 0.325533
2.06000 0.344296
2.07000 0.356819
2.08000 0.367381
2.09000 0.379648
2.10000 0.381464
2.11000 0.384288
2.12000 0.384744
2.13000 0.380327
2.14000 0.370156
2.15000 0.362436
2.16000 0.347613
2.17000 0.335216
2.18000 0.312561
2.19000 0.295568
2.20000 0.274066
2.21000 0.254539
2.22000 0.229270
2.23000 0.209445
2.24000 0.186633
2.25000 0.162816
2.26000 0.136337
2.27000 0.112119
2.28000 0.090066
2.29000 0.069718
2.30000 0.049858
2.31000 0.028235
2.32000 0.009619
2.33000 -0.003387
2.34000 -0.020095
2.35000 -0.036212
2.36000 -0.044763
2.37000 -0.057384
2.38000 -0.068383
2.39000 -0.074172
2.40000 -0.085516
2.41000 -0.091296
2.42000 -0.097326
2.43000 -0.097163
2.44000 -0.100039
2.45000 -0.101908
2.46000 -0.103859
2.47000 -0.109500
2.48000 -0.111988
2.49000 -0.112217
2.50000 -0.110976
2.51000 -0.111609
2.52000 -0.109253
2.53000 -0.108882
2.54000 -0.110594
2.55000 -0.115788
2.56000 -0.114046
2.57000 -0.115031
2.58000 -0.114962
2.59000 -0.120159
2.60000 -0.125811
2.61000 -0.126094
2.62000 -0.130647
2.63000 -0.134578
2.64000 -0.135099
2.65000 -0.141833
2.66000 -0.144337
2.67000 -0.148327
2.68000 -0.156885
2.69000 -0.161220
2.70000 -0.167269
2.71000 -0.168322
2.72000 -0.174890
2.73000 -0.177499
2.74000 -0.185539
2.75000 -0.187776
2.76000 -0.188701
2.77000 -0.191295
2.78000 -0.194364
2.79000 -0.197595
2.80000 -0.203096
2.81000 -0.201626
2.82000 -0.206666
2.83000 -0.206742
2.84000 -0.205689
2.85000 -0.207186
2.86000 -0.207922
2.87000 -0.205199
2.88000 -0.204316
2.89000 -0.201691
2.90000 -0.206382
2.91000 -0.206095
2.92000 -0.203513
2.93000 -0.200892
2.94000 -0.202532
2.95000 -0.206507
2.96000 -0.201014
2.97000 -0.201860
2.98000 -0.205688
2.99000 -0.204547
3.00000 -0.204699
3.01000 -0.208620
3.02000 -0.210222
3.03000 -0.209536
3.04000 -0.212006
3.05000 -0.209846
3.06000 -0.211837
3.07000 -0.205889
3.08000 -0.204367
3.09000 -0.199528
3.10000 -0.196200
3.11000 -0.191516
3.12000 -0.184644
3.13000 -0.179209
3.14000 -0.167121
3.15000 -0.160060
3.16000 -0.149091
3.17000 -0.133216
3.18000 -0.121879
3.19000 -0.106879
3.20000 -0.087829
3.21000 -0.072045
3.22000 -0.061168
3.23000 -0.039133
3.24000 -0.027356
3.25000 -0.008045
3.26000 0.005918
3.27000 0.020455
3.28000 0.037099
3.29000 0.052644
3.30000 0.058037
3.31000 0.072161
3.32000 0.080320
3.33000 0.083218
3.34000 0.093025
3.35000 0.096323
3.36000 0.097700
3.37000 0.093329
3.38000 0.093116
3.39000 0.092440
3.40000 0.087886
3.41000 0.082810
3.42000 0.073561
3.43000 0.069596
3.44000 0.061819
3.45000 0.053060
3.46000 0.047979
3.47000 0.040620
3.48000 0.030360
3.49000 0.024726
3.50000 0.018201
3.51000 0.014219
3.52000 0.011332
3.53000 0.009573
3.54000 0.013654
3.55000 0.007710
3.56000 0.010115
3.57000 0.010954
3.58000 0.019099
3.59000 0.019640
3.60000 0.025827
3.61000 0.028447
3.62000 0.033597
3.63000 0.042737
3.64000 0.048984
3.65000 0.055203
3.66000 0.056959
3.67000 0.060431
3.68000 0.068212
3.69000 0.071420
3.70000 0.076412
3.71000 0.078263
3.72000 0.082439
3.73000 0.081776
3.74000 0.088038
3.75000 0.089388
3.76000 0.090371
3.77000 0.085718
3.78000 0.089443
3.79000 0.090429
3.80000 0.089087
3.81000 0.090330
3.82000 0.093519
3.83000 0.096279
3.84000 0.097801
3.85000 0.097276
3.86000 0.098008
3.87000 0.102330
3.88000 0.104204
3.89000 0.110357
3.90000 0.111764
3.91000 0.117197
3.92000 0.120436
3.93000 0.127824
3.94000 0.131528
3.95000 0.134890
3.96000 0.137850
3.97000 0.141884
3.98000 0.144630
3.99000 0.144637
4.00000 0.150875
4.01000 0.147140
4.02000 0.145442
4.03000 0.148884
4.04000 0.144115
4.05000 0.137527
4.06000 0.134981
4.07000 0.132283
4.08000 0.122507
4.09000 0.118248
4.10000 0.107023
4.11000 0.101326
4.12000 0.091917
4.13000 0.085211
4.14000 0.072512
4.15000 0.063152
4.16000 0.058369
4.17000 0.045769
4.18000 0.042110
4.19000 0.030315
4.20000 0.024756
4.21000 0.016793
4.22000 0.011431
4.23000 0.004732
4.24000 -0.002427
4.25000 -0.005705
4.26000 -0.016065
4.27000 -0.018139
4.28000 -0.026656
4.29000 -0.027564
4.30000 -0.033393
4.31000 -0.034486
4.32000 -0.040590
4.33000 -0.039966
4.34000 -0.047609
4.35000 -0.047778
4.36000 -0.053944
4.37000 -0.052367
4.38000 -0.052090
4.39000 -0.056861
4.40000 -0.061782
4.41000 -0.060431
4.42000 -0.057948
4.43000 -0.057911
4.44000 -0.060029
4.45000 -0.055807
4.46000 -0.057621
4.47000 -0.056768
4.48000 -0.053387
4.49000 -0.047357
4.50000 -0.039421
4.51000 -0.040671
4.52000 -0.033342
4.53000 -0.026920
4.54000 -0.018396
4.55000 -0.012379
4.56000 -0.004315
4.57000 0.002344
4.58000 0.012515
4.59000 0.014752
4.60000 0.024655
4.61000 0.029937
4.62000 0.034705
4.63000 0.043949
4.64000 0.041903
4.65000 0.045808
4.66000 0.051489
4.67000 0.052531
4.68000 0.053809
4.69000 0.055757
4.70000 0.050635
4.71000 0.047700
4.72000 0.044953
4.73000 0.041423
4.74000 0.041164
4.75000 0.034394
4.76000 0.026426
4.77000 0.024282
4.78000 0.014374
4.79000 0.010804
4.80000 0.006548
4.81000 0.002077
4.82000 -0.008465
4.83000 -0.006892
4.84000 -0.016544
4.85000 -0.017806
4.86000 -0.024603
4.87000 -0.024933
4.88000 -0.026045
4.89000 -0.031062
4.90000 -0.032246
4.91000 -0.036267
4.92000 -0.033516
4.93000 -0.038398
4.94000 -0.041297
4.95000 -0.038898
4.96000 -0.037508
4.97000 -0.039349
4.98000 -0.040631
4.99000 -0.044045
5.00000 -0.049313
5.01000 -0.053066
5.02000 -0.050681
5.03000 -0.058868
5.04000 -0.061111
5.05000 -0.065115
5.06000 -0.063051
5.07000 -0.070054
5.08000 -0.069093
5.09000 -0.076583
5.10000 -0.074549
5.11000 -0.076996
5.12000 -0.079314
5.13000 -0.081428
5.14000 -0.082033
5.15000 -0.085420
5.16000 -0.083530
5.17000 -0.079532
5.18000 -0.076465
5.19000 -0.073659
5.20000 -0.072274
5.21000 -0.070976
5.22000 -0.067616
5.23000 -0.060833
5.24000 -0.054535
5.25000 -0.053826
5.26000 -0.044594
5.27000 -0.044394
5.28000 -0.036148
5.29000 -0.035292
5.30000 -0.030729
5.31000 -0.027970
5.32000 -0.023330
5.33000 -0.022679
5.34000 -0.021488
5.35000 -0.016385
5.36000 -0.015798
5.37000 -0.016679
5.38000 -0.020897
5.39000 -0.019097
5.40000 -0.020826
5.41000 -0.025619
5.42000 -0.023470
5.43000 -0.029694
5.44000 -0.032873
5.45000 -0.029963
5.46000 -0.036230
5.47000 -0.035463
5.48000 -0.038954
5.49000 -0.042891
5.50000 -0.039292
5.51000 -0.045358
5.52000 -0.044243
5.53000 -0.040685
5.54000 -0.045434
5.55000 -0.042690
5.56000 -0.042100
5.57000 -0.041454
5.58000 -0.036249
5.59000 -0.035406
5.60000 -0.030068
5.61000 -0.030305
5.62000 -0.029035
5.63000 -0.027669
5.64000 -0.026424
5.65000 -0.023992
5.66000 -0.024319
5.67000 -0.019234
5.68000 -0.018423
5.69000 -0.018625
5.70000 -0.019727
5.71000 -0.020576
5.72000 -0.024193
5.73000 -0.025045
5.74000 -0.025527
5.75000 -0.024069
5.76000 -0.029889
5.77000 -0.026308
5.78000 -0.032958
5.79000 -0.032233
5.80000 -0.033306
5.81000 -0.036251
5.82000 -0.034259
5.83000 -0.032448
5.84000 -0.038095
5.85000 -0.035628
5.86000 -0.035101
5.87000 -0.032333
5.88000 -0.033226
5.89000 -0.029088
5.90000 -0.025083
5.91000 -0.026405
5.92000 -0.019954
5.93000 -0.019808
5.94000 -0.017362
5.95000 -0.013467
5.96000 -0.011147
5.97000 -0.008985
5.98000 -0.004399
5.99000 -0.001676
6.00000 0.002694
6.01000 0.004200
6.02000 0.004290
6.03000 0.007096
6.04000 0.010934
6.05000 0.012132
6.06000 0.010738
6.07000 0.018379
6.08000 0.014428
6.09000 0.016868
6.10000 0.017442
6.11000 0.021769
6.12000 0.021879
6.13000 0.026162
6.14000 0.024917
6.15000 0.026595
6.16000 0.027847
6.17000 0.034170
6.18000 0.037011
6.19000 0.035263
6.20000 0.036370
6.21000 0.042449
6.22000 0.043840
6.23000 0.046232
6.24000 0.042426
6.25000 0.047288
6.26000 0.050142
6.27000 0.049529
6.28000 0.048130
6.29000 0.046984
6.30000 0.047231
6.31000 0.046280
6.32000 0.048241
6.33000 0.044061
6.34000 0.043885
6.35000 0.045774
6.36000 0.041614
6.37000 0.041483
6.38000 0.042280
6.39000 0.042131
6.40000 0.042756
6.41000 0.036620
6.42000 0.041224
6.43000 0.037320
6.44000 0.041391
6.45000 0.039261
6.46000 0.044671
6.47000 0.044964
6.48000 0.043948
6.49000 0.050580
6.50000 0.054022
6.51000 0.054593
6.52000 0.059248
6.53000 0.063534
6.54000 0.073685
6.55000 0.074159
6.56000 0.081829
6.57000 0.087735
6.58000 0.091857
6.59000 0.098616
6.60000 0.107898
6.61000 0.110439
6.62000 0.117526
6.63000 0.121839
6.64000 0.121737
6.65000 0.128162
6.66000 0.130357
6.67000 0.135025
6.68000 0.136291
6.69000 0.136296
6.70000 0.135101
6.71000 0.138702
6.72000 0.140300
6.73000 0.136136
6.74000 0.136321
6.75000 0.134556
6.76000 0.134876
6.77000 0.134618
6.78000 0.130703
6.79000 0.127377
6.80000 0.125125
6.81000 0.122067
6.82000 0.120714
6.83000 0.120187
6.84000 0.121744
6.85000 0.121486
6.86000 0.120072
6.87000 0.122218
6.88000 0.120374
6.89000 0.120886
6.90000 0.118789
6.91000 0.118890
6.92000 0.121593
6.93000 0.122055
6.94000 0.123327
6.95000 0.125183
6.96000 0.128441
6.97000 0.131374
6.98000 0.135160
6.99000 0.138419
7.00000 0.137091
7.01000 0.137931
7.02000 0.143961
7.03000 0.143517
7.04000 0.141333
7.05000 0.143457
7.06000 0.143578
7.07000 0.146185
7.08000 0.147915
7.09000 0.145957
7.10000 0.149600
7.11000 0.146380
7.12000 0.147543
7.13000 0.145415
7.14000 0.145674
7.15000 0.144976
7.16000 0.141775
7.17000 0.139402
7.18000 0.133613
7.19000 0.134486
7.20000 0.133109
7.21000 0.122776
7.22000 0.119760
7.23000 0.117896
7.24000 0.110117
7.25000 0.108367
7.26000 0.099109
7.27000 0.097419
7.28000 0.089483
7.29000 0.086591
7.30000 0.076234
7.31000 0.069517
7.32000 0.064974
7.33000 0.060342
7.34000 0.053035
7.35000 0.045324
7.36000 0.039634
7.37000 0.037482
7.38000 0.029183
7.39000 0.026162
7.40000 0.020944
7.41000 0.016424
7.42000 0.014174
7.43000 0.010170
7.44000 0.009310
7.45000 0.002152
7.46000 0.000329
7.47000 0.002096
7.48000 -0.000557
7.49000 -0.003260
7.50000 -0.003095
7.51000 -0.005137
7.52000 -0.006014
7.53000 -0.009258
7.54000 -0.008093
7.55000 -0.010646
7.56000 -0.012288
7.57000 -0.009166
7.58000 -0.012692
7.59000 -0.009508
7.60000 -0.012368
7.61000 -0.015786
7.62000 -0.013833
7.63000 -0.018054
7.64000 -0.015969
7.65000 -0.021423
7.66000 -0.022099
7.67000 -0.025389
7.68000 -0.022536
7.69000 -0.025145
7.70000 -0.026125
7.71000 -0.026990
7.72000 -0.030938
7.73000 -0.028290
7.74000 -0.030262
7.75000 -0.032966
7.76000 -0.032550
7.77000 -0.032904
7.78000 -0.030876
7.79000 -0.030089
7.80000 -0.028438
7.81000 -0.030591
7.82000 -0.025774
7.83000 -0.027792
7.84000 -0.028903
7.85000 -0.025895
7.86000 -0.027404
7.87000 -0.023965
7.88000 -0.020607
7.89000 -0.023242
7.90000 -0.021211
7.91000 -0.020337
7.92000 -0.019039
7.93000 -0.014574
7.94000 -0.014732
7.95000 -0.014328
7.96000 -0.020776
7.97000 -0.019363
7.98000 -0.019299
7.99000 -0.016776
8.00000 -0.023105
8.01000 -0.023107
8.02000 -0.021463
8.03000 -0.028724
8.04000 -0.030518
8.05000 -0.028207
8.06000 -0.032868
8.07000 -0.037105
8.08000 -0.039639
8.09000 -0.039058
8.10000 -0.041539
8.11000 -0.045061
8.12000 -0.050278
8.13000 -0.050430
8.14000 -0.058581
8.15000 -0.055315
8.16000 -0.061309
8.17000 -0.061467
8.18000 -0.065141
8.19000 -0.071225
8.20000 -0.074779
8.21000 -0.072824
8.22000 -0.080330
8.23000 -0.079911
8.24000 -0.083941
8.25000 -0.085592
8.26000 -0.086328
8.27000 -0.088283
8.28000 -0.087909
8.29000 -0.094523
8.30000 -0.090986
8.31000 -0.097998
8.32000 -0.093851
8.33000 -0.093708
8.34000 -0.095921
8.35000 -0.099093
8.36000 -0.099298
8.37000 -0.096794
8.38000 -0.094903
8.39000 -0.096816
8.40000 -0.094354
8.41000 -0.091053
8.42000 -0.091357
8.43000 -0.088182
8.44000 -0.083369
8.45000 -0.083721
8.46000 -0.079118
8.47000 -0.078315
8.48000 -0.080355
8.49000 -0.075352
8.50000 -0.074608
8.51000 -0.071957
8.52000 -0.073623
8.53000 -0.075242
8.54000 -0.074632
8.55000 -0.073514
8.56000 -0.072762
8.57000 -0.069509
8.58000 -0.075504
8.59000 -0.074961
8.60000 -0.078098
8.61000 -0.078977
8.62000 -0.080056
8.63000 -0.085333
8.64000 -0.087715
8.65000 -0.090395
8.66000 -0.097109
8.67000 -0.094383
8.68000 -0.100667
8.69000 -0.102284
8.70000 -0.109873
8.71000 -0.114420
8.72000 -0.117925
8.73000 -0.118048
8.74000 -0.120314
8.75000 -0.128868
8.76000 -0.132608
8.77000 -0.134816
8.78000 -0.132570
8.79000 -0.132944
8.80000 -0.134050
8.81000 -0.134872
8.82000 -0.140542
8.83000 -0.140900
8.84000 -0.134758
8.85000 -0.136303
8.86000 -0.131069
8.87000 -0.128570
8.88000 -0.128706
8.89000 -0.123427
8.90000 -0.125140
8.91000 -0.120855
8.92000 -0.111343
8.93000 -0.108303
8.94000 -0.100109
8.95000 -0.093442
8.96000 -0.091870
8.97000 -0.080082
8.98000 -0.073127
8.99000 -0.067042
9.00000 -0.063859
9.01000 -0.057558
9.02000 -0.048565
9.03000 -0.037109
9.04000 -0.031827
9.05000 -0.027654
9.06000 -0.015713
9.07000 -0.007554
9.08000 -0.005366
9.09000 0.003923
9.10000 0.010490
9.11000 0.014315
9.12000 0.023473
9.13000 0.026194
9.14000 0.030160
9.15000 0.033687
9.16000 0.035290
9.17000 0.039188
9.18000 0.043995
9.19000 0.047109
9.20000 0.044803
9.21000 0.043950
9.22000 0.044172
9.23000 0.047429
9.24000 0.043540
9.25000 0.044064
9.26000 0.044529
9.27000 0.038459
9.28000 0.041058
9.29000 0.035908
9.30000 0.034535
9.31000 0.030807
9.32000 0.027440
9.33000 0.020570
9.34000 0.018101
9.35000 0.018510
9.36000 0.012081
9.37000 0.009699
9.38000 0.011286
9.39000 0.008723
9.40000 0.004682
9.41000 0.000625
9.42000 -0.004842
9.43000 -0.005914
9.44000 -0.003648
9.45000 -0.010175
9.46000 -0.007600
9.47000 -0.013406
9.48000 -0.010821
9.49000 -0.018842
9.50000 -0.019570
9.51000 -0.018036
9.52000 -0.017958
9.53000 -0.021061
9.54000 -0.020136
9.55000 -0.024130
9.56000 -0.023204
9.57000 -0.029328
9.58000 -0.030101
9.59000 -0.032784
9.60000 -0.034105
9.61000 -0.029375
9.62000 -0.035879
9.63000 -0.036104
9.64000 -0.035505
9.65000 -0.037915
9.66000 -0.035826
9.67000 -0.037528
9.68000 -0.037122
9.69000 -0.033533
9.70000 -0.034998
9.71000 -0.037265
9.72000 -0.035524
9.73000 -0.031871
9.74000 -0.035092
9.75000 -0.029850
9.76000 -0.031847
9.77000 -0.027216
9.78000 -0.027961
9.79000 -0.026968
9.80000 -0.027016
9.81000 -0.022222
9.82000 -0.022348
9.83000 -0.023892
9.84000 -0.017615
9.85000 -0.018816
9.86000 -0.014053
9.87000 -0.016975
9.88000 -0.015629
9.89000 -0.012798
9.90000 -0.015547
9.91000 -0.015237
9.92000 -0.011779
9.93000 -0.007815
9.94000 -0.012240
9.95000 -0.008704
9.96000 -0.007022
9.97000 -0.007086
9.98000 -0.008672
9.99000 -0.008381
10.00000 -0.004640
10.01000 -0.008129
10.02000 -0.008133
10.03000 -0.001919
10.04000 -0.004019
10.05000 -0.001161
10.06000 -0.002031
10.07000 -0.001817
10.08000 0.000806
10.09000 0.000064
10.10000 0.000218
10.11000 0.004006
10.12000 0.005519
10.13000 0.008706
10.14000 0.007279
10.15000 0.009734
10.16000 0.013357
10.17000 0.016095
10.18000 0.014221
10.19000 0.014282
10.20000 0.015584
10.21000 0.022224
10.22000 0.017912
10.23000 0.024267
10.24000 0.022532
10.25000 0.022058
10.26000 0.028320
10.27000 0.030616
10.28000 0.032038
10.29000 0.028968
10.30000 0.034572
10.31000 0.030428
10.32000 0.036629
10.33000 0.033545
10.34000 0.037924
10.35000 0.039056
10.36000 0.040294
10.37000 0.041942
10.38000 0.041080
10.39000 0.047545
10.40000 0.048927
10.41000 0.050594
10.42000 0.051061
10.43000 0.053680
10.44000 0.056441
10.45000 0.054730
10.46000 0.055594
10.47000 0.062012
10.48000 0.057774
10.49000 0.063276
10.50000 0.066235
10.51000 0.064869
10.52000 0.064018
10.53000 0.069487
10.54000 0.070950
10.55000 0.073358
10.56000 0.073485
10.57000 0.074203
10.58000 0.074326
10.59000 0.072091
10.60000 0.071479
10.61000 0.072051
10.62000 0.068494
10.63000 0.069347
10.64000 0.066491
10.65000 0.065431
10.66000 0.062618
10.67000 0.060047
10.68000 0.060958
10.69000 0.055997
10.70000 0.060404
10.71000 0.052389
10.72000 0.055283
10.73000 0.053928
10.74000 0.047599
10.75000 0.045085
10.76000 0.048765
10.77000 0.047223
10.78000 0.041246
10.79000 0.042309
10.80000 0.039193
10.81000 0.038465
10.82000 0.034066
10.83000 0.034770
10.84000 0.032818
10.85000 0.032239
10.86000 0.026226
10.87000 0.027715
10.88000 0.024916
10.89000 0.019168
10.90000 0.022237
10.91000 0.017325
10.92000 0.015473
10.93000 0.009829
10.94000 0.005960
10.95000 0.006058
10.96000 0.003255
10.97000 0.000033
10.98000 -0.005096
10.99000 -0.007307
11.00000 -0.013343
11.01000 -0.016840
11.02000 -0.020116
11.03000 -0.026767
11.04000 -0.029435
11.05000 -0.034328
11.06000 -0.038784
11.07000 -0.042377
11.08000 -0.049777
11.09000 -0.052933
11.10000 -0.059697
11.11000 -0.060004
11.12000 -0.064743
11.13000 -0.069173
11.14000 -0.068995
11.15000 -0.074952
11.16000 -0.071834
11.17000 -0.074037
11.18000 -0.074320
11.19000 -0.079693
11.20000 -0.077892
11.21000 -0.082296
11.22000 -0.080049
11.23000 -0.083521
11.24000 -0.078305
11.25000 -0.082409
11.26000 -0.078470
11.27000 -0.079146
11.28000 -0.081821
11.29000 -0.075713
11.30000 -0.080075
11.31000 -0.076154
11.32000 -0.079242
11.33000 -0.077034
11.34000 -0.077261
11.35000 -0.072709
11.36000 -0.075156
11.37000 -0.074874
11.38000 -0.072048
11.39000 -0.070556
11.40000 -0.073521
11.41000 -0.076440
11.42000 -0.073958
11.43000 -0.072703
11.44000 -0.072684
11.45000 -0.078223
11.46000 -0.076373
11.47000 -0.074812
11.48000 -0.076158
11.49000 -0.079577
11.50000 -0.077818
11.51000 -0.080881
11.52000 -0.080771
11.53000 -0.084013
11.54000 -0.081390
11.55000 -0.081187
11.56000 -0.080620
11.57000 -0.086680
11.58000 -0.082201
11.59000 -0.087074
11.60000 -0.085635
11.61000 -0.080266
11.62000 -0.084978
11.63000 -0.081013
11.64000 -0.081391
11.65000 -0.076775
11.66000 -0.073703
11.67000 -0.074714
11.68000 -0.072056
11.69000 -0.069924
11.70000 -0.066384
11.71000 -0.060562
11.72000 -0.055561
11.73000 -0.052868
11.74000 -0.049746
11.75000 -0.042756
11.76000 -0.040956
11.77000 -0.034649
11.78000 -0.028434
11.79000 -0.019184
11.80000 -0.018536
11.81000 -0.011881
11.82000 -0.005491
11.83000 -0.001334
11.84000 0.006579
11.85000 0.009380
11.86000 0.015333
11.87000 0.023762
11.88000 0.026099
11.89000 0.030902
11.90000 0.034059
11.91000 0.042429
11.92000 0.043378
11.93000 0.045808
11.94000 0.048934
11.95000 0.057515
11.96000 0.057280
11.97000 0.058081
11.98000 0.061150
11.99000 0.064309
12.00000 0.069180
12.01000 0.066063
12.02000 0.072638
12.03000 0.071203
12.04000 0.076290
12.05000 0.074156
12.06000 0.076397
12.07000 0.076293
12.08000 0.081569
12.09000 0.082106
12.10000 0.081693
12.11000 0.084888
12.12000 0.081137
12.13000 0.081088
12.14000 0.082450
12.15000 0.088641
12.16000 0.090765
12.17000 0.090587
12.18000 0.086320
12.19000 0.089485
12.20000 0.094344
12.21000 0.092563
12.22000 0.089222
12.23000 0.092808
12.24000 0.094485
12.25000 0.091671
12.26000 0.094473
12.27000 0.089230
12.28000 0.089868
12.29000 0.090379
12.30000 0.090600
12.31000 0.087208
12.32000 0.087850
12.33000 0.085430
12.34000 0.078833
12.35000 0.081144
12.36000 0.079356
12.37000 0.072319
12.38000 0.074139
12.39000 0.067298
12.40000 0.068351
12.41000 0.065760
12.42000 0.065596
12.43000 0.058959
12.44000 0.056963
12.45000 0.057644
12.46000 0.053606
12.47000 0.054387
12.48000 0.052930
12.49000 0.050456
12.50000 0.048799
12.51000 0.045475
12.52000 0.050107
12.53000 0.045269
12.54000 0.048274
12.55000 0.048617
12.56000 0.046728
12.57000 0.044365
12.58000 0.048338
12.59000 0.048022
12.60000 0.047767
12.61000 0.051112
12.62000 0.049410
12.63000 0.051136
12.64000 0.053908
12.65000 0.050239
12.66000 0.052249
12.67000 0.056317
12.68000 0.053755
12.69000 0.058563
12.70000 0.058122
12.71000 0.056946
12.72000 0.058613
12.73000 0.057971
12.74000 0.056408
12.75000 0.057782
12.76000 0.055533
12.77000 0.055329
12.78000 0.057621
12.79000 0.055681
12.80000 0.050940
12.81000 0.052958
12.82000 0.050921
12.83000 0.047351
12.84000 0.050023
12.85000 0.047457
12.86000 0.041413
12.87000 0.040321
12.88000 0.042513
12.89000 0.039408
12.90000 0.037046
12.91000 0.029478
12.92000 0.026423
12.93000 0.026626
12.94000 0.021350
12.95000 0.019764
12.96000 0.018282
12.97000 0.015600
12.98000 0.009666
12.99000 0.011500
13.00000 0.009917
13.01000 0.002165
13.02000 -0.000906
13.03000 0.002465
13.04000 -0.004707
13.05000 -0.006249
13.06000 -0.005110
13.07000 -0.009486
13.08000 -0.010640
13.09000 -0.009889
13.10000 -0.010940
13.11000 -0.010479
13.12000 -0.013830
13.13000 -0.011384
13.14000 -0.010811
13.15000 -0.014619
13.16000 -0.015218
13.17000 -0.011613
13.18000 -0.017799
13.19000 -0.013287
13.20000 -0.012738
13.21000 -0.016749
13.22000 -0.017662
13.23000 -0.019362
13.24000 -0.020310
13.25000 -0.018036
13.26000 -0.018402
13.27000 -0.016888
13.28000 -0.022913
13.29000 -0.022291
13.30000 -0.021798
13.31000 -0.028332
13.32000 -0.029125
13.33000 -0.029997
13.34000 -0.034191
13.35000 -0.036332
13.36000 -0.037684
13.37000 -0.038023
13.38000 -0.043160
13.39000 -0.046600
13.40000 -0.047919
13.41000 -0.050104
13.42000 -0.052482
13.43000 -0.052460
13.44000 -0.055066
13.45000 -0.055591
13.46000 -0.058546
13.47000 -0.059258
13.48000 -0.060387
13.49000 -0.056891
13.50000 -0.057202
13.51000 -0.059566
13.52000 -0.063255
13.53000 -0.057942
13.54000 -0.057610
13.55000 -0.057608
13.56000 -0.061396
13.57000 -0.060224
13.58000 -0.055477
13.59000 -0.053033
13.60000 -0.053927
13.61000 -0.052763
13.62000 -0.048745
13.63000 -0.052689
13.64000 -0.047311
13.65000 -0.047381
13.66000 -0.047019
13.67000 -0.042085
13.68000 -0.046375
13.69000 -0.038786
13.70000 -0.040709
13.71000 -0.036492
13.72000 -0.039091
13.73000 -0.037417
13.74000 -0.038317
13.75000 -0.034564
13.76000 -0.036545
13.77000 -0.030494
13.78000 -0.028265
13.79000 -0.028248
13.80000 -0.031397
13.81000 -0.027740
13.82000 -0.026049
13.83000 -0.022880
13.84000 -0.027672
13.85000 -0.022612
13.86000 -0.020751
13.87000 -0.025279
13.88000 -0.022972
13.89000 -0.019472
13.90000 -0.017848
13.91000 -0.017059
13.92000 -0.014614
13.93000 -0.014226
13.94000 -0.018066
13.95000 -0.011872
13.96000 -0.013199
13.97000 -0.015130
13.98000 -0.011420
13.99000 -0.009660
14.00000 -0.008143
14.01000 -0.010359
14.02000 -0.010683
14.03000 -0.003729
14.04000 -0.003710
14.05000 -0.003445
14.06000 -0.000842
14.07000 -0.002792
14.08000 0.000243
14.09000 -0.000978
14.10000 0.001875
14.11000 0.007950
14.12000 0.006280
14.13000 0.006344
14.14000 0.006876
14.15000 0.011553
14.16000 0.010680
14.17000 0.018552
14.18000 0.021134
14.19000 0.019022
14.20000 0.023364
14.21000 0.021685
14.22000 0.029938
14.23000 0.031037
14.24000 0.029985
14.25000 0.036822
14.26000 0.037893
14.27000 0.042765
14.28000 0.040282
14.29000 0.045816
14.30000 0.050064
14.31000 0.049638
14.32000 0.055496
14.33000 0.056627
14.34000 0.061268
14.35000 0.062869
14.36000 0.059561
14.37000 0.064422
14.38000 0.068101
14.39000 0.069436
14.40000 0.069306
14.41000 0.072745
14.42000 0.067152
14.43000 0.069611
14.44000 0.071610
14.45000 0.073286
14.46000 0.066789
14.47000 0.070769
14.48000 0.069462
14.49000 0.062626
14.50000 0.063739
14.51000 0.059027
14.52000 0.059845
14.53000 0.052857
14.54000 0.053372
14.55000 0.048087
14.56000 0.040361
14.57000 0.040557
14.58000 0.033027
14.59000 0.029607
14.60000 0.027279
14.61000 0.020053
14.62000 0.016966
14.63000 0.011721
14.64000 0.004346
14.65000 0.002157
14.66000 -0.006199
14.67000 -0.012662
14.68000 -0.017212
14.69000 -0.016408
14.70000 -0.025472
14.71000 -0.026125
14.72000 -0.029780
14.73000 -0.033380
14.74000 -0.034023
14.75000 -0.042610
14.76000 -0.039976
14.77000 -0.041964
14.78000 -0.047583
14.79000 -0.047107
14.80000 -0.049386
14.81000 -0.052136
14.82000 -0.050122
14.83000 -0.050996
14.84000 -0.050858
14.85000 -0.052487
14.86000 -0.051851
14.87000 -0.054967
14.88000 -0.049713
14.89000 -0.051894
14.90000 -0.049796
14.91000 -0.047239
14.92000 -0.042514
14.93000 -0.041482
14.94000 -0.040620
14.95000 -0.041374
14.96000 -0.034734
14.97000 -0.035262
14.98000 -0.027096
14.99000 -0.025263
15.00000 -0.020604
15.01000 -0.019259
15.02000 -0.014918
15.03000 -0.011286
15.04000 -0.004086
15.05000 0.001205
15.06000 0.001181
15.07000 0.009708
15.08000 0.009721
15.09000 0.014572
15.10000 0.024034
15.11000 0.029290
15.12000 0.030179
15.13000 0.040204
15.14000 0.040483
15.15000 0.048859
15.16000 0.051818
15.17000 0.057446
15.18000 0.064672
15.19000 0.064861
15.20000 0.071584
15.21000 0.075739
15.22000 0.079356
15.23000 0.079149
15.24000 0.085200
15.25000 0.084276
15.26000 0.085644
15.27000 0.084711
15.28000 0.084474
15.29000 0.087067
15.30000 0.084602
15.31000 0.088030
15.32000 0.087325
15.33000 0.085197
15.34000 0.078045
15.35000 0.074803
15.36000 0.074340
15.37000 0.072647
15.38000 0.069418
15.39000 0.062622
15.40000 0.061665
15.41000 0.056013
15.42000 0.048181
15.43000 0.045848
15.44000 0.042462
15.45000 0.034848
15.46000 0.028581
15.47000 0.025948
15.48000 0.018112
15.49000 0.011164
15.50000 0.011203
15.51000 0.003899
15.52000 0.003367
15.53000 -0.001441
15.54000 -0.007347
15.55000 -0.010788
15.56000 -0.014117
15.57000 -0.017533
15.58000 -0.017135
15.59000 -0.020829
15.60000 -0.025027
15.61000 -0.027557
15.62000 -0.027100
15.63000 -0.029017
15.64000 -0.026138
15.65000 -0.030866
15.66000 -0.031388
15.67000 -0.025906
15.68000 -0.029134
15.69000 -0.027425
15.70000 -0.024614
15.71000 -0.019909
15.72000 -0.022699
15.73000 -0.020512
15.74000 -0.018998
15.75000 -0.012013
15.76000 -0.014480
15.77000 -0.007716
15.78000 -0.008971
15.79000 -0.007652
15.80000 -0.003069
15.81000 0.000613
15.82000 0.002962
15.83000 0.005651
15.84000 0.006028
15.85000 0.013234
15.86000 0.013211
15.87000 0.013447
15.88000 0.014477
15.89000 0.019983
15.90000 0.023506
15.91000 0.022514
15.92000 0.023354
15.93000 0.027287
15.94000 0.027724
15.95000 0.031008
15.96000 0.030644
15.97000 0.031511
15.98000 0.031609
15.99000 0.029597
16.00000 0.031174
16.01000 0.033823
16.02000 0.034211
16.03000 0.035912
16.04000 0.030928
16.05000 0.029677
16.06000 0.035290
16.07000 0.028923
16.08000 0.031013
16.09000 0.032911
16.10000 0.027960
16.11000 0.032589
16.12000 0.031759
16.13000 0.031989
16.14000 0.028497
16.15000 0.024596
16.16000 0.030278
16.17000 0.026419
16.18000 0.027345
16.19000 0.023037
16.20000 0.027685
16.21000 0.022736
16.22000 0.026684
16.23000 0.025249
16.24000 0.024220
16.25000 0.022607
16.26000 0.027339
16.27000 0.027312
16.28000 0.021657
16.29000 0.021805
16.30000 0.025052
16.31000 0.026750
16.32000 0.026257
16.33000 0.026510
16.34000 0.023746
16.35000 0.028372
16.36000 0.028130
16.37000 0.025699
16.38000 0.028328
16.39000 0.025306
16.40000 0.022391
16.41000 0.028034
16.42000 0.025691
16.43000 0.023187
16.44000 0.024631
16.45000 0.019292
16.46000 0.021347
16.47000 0.014943
16.48000 0.015236
16.49000 0.011841
16.50000 0.012954
16.51000 0.007844
16.52000 0.008893
16.53000 0.002552
16.54000 0.002735
16.55000 -0.000754
16.56000 -0.006431
16.57000 -0.013353
16.58000 -0.015312
16.59000 -0.017687
16.60000 -0.020719
16.61000 -0.030543
16.62000 -0.031009
16.63000 -0.033236
16.64000 -0.039974
16.65000 -0.041653
16.66000 -0.048056
16.67000 -0.055542
16.68000 -0.058769
16.69000 -0.058598
16.70000 -0.067881
16.71000 -0.066320
16.72000 -0.075533
16.73000 -0.076767
16.74000 -0.078451
16.75000 -0.079301
16.76000 -0.083573
16.77000 -0.083374
16.78000 -0.089470
16.79000 -0.086902
16.80000 -0.091833
16.81000 -0.092730
16.82000 -0.090642
16.83000 -0.093298
16.84000 -0.090649
16.85000 -0.090821
16.86000 -0.083122
16.87000 -0.085421
16.88000 -0.078115
16.89000 -0.080098
16.90000 -0.075999
16.91000 -0.073182
16.92000 -0.066422
16.93000 -0.062860
16.94000 -0.058907
16.95000 -0.048102
16.96000 -0.046427
16.97000 -0.040061
16.98000 -0.030486
16.99000 -0.030662
17.00000 -0.022213
17.01000 -0.014925
17.02000 -0.014462
17.03000 -0.005949
17.04000 -0.000798
17.05000 0.005433
17.06000 0.006861
17.07000 0.011235
17.08000 0.017243
17.09000 0.020598
17.10000 0.020095
17.11000 0.020190
17.12000 0.021923
17.13000 0.026614
17.14000 0.025612
17.15000 0.025644
17.16000 0.028286
17.17000 0.026704
17.18000 0.024642
17.19000 0.022585
17.20000 0.023064
17.21000 0.019335
17.22000 0.017859
17.23000 0.014339
17.24000 0.010668
17.25000 0.008193
17.26000 0.005479
17.27000 0.006386
17.28000 0.003431
17.29000 -0.001014
17.30000 -0.005479
17.31000 -0.007671
17.32000 -0.012798
17.33000 -0.016058
17.34000 -0.018254
17.35000 -0.020847
17.36000 -0.023038
17.37000 -0.023650
17.38000 -0.031530
17.39000 -0.030902
17.40000 -0.036349
17.41000 -0.036118
17.42000 -0.039376
17.43000 -0.037791
17.44000 -0.041672
17.45000 -0.046136
17.46000 -0.050177
17.47000 -0.049175
17.48000 -0.054189
17.49000 -0.051782
17.50000 -0.053255
17.51000 -0.057529
17.52000 -0.056911
17.53000 -0.064214
17.54000 -0.063093
17.55000 -0.067101
17.56000 -0.068437
17.57000 -0.068260
17.58000 -0.069401
17.59000 -0.072610
17.60000 -0.074342
17.61000 -0.076802
17.62000 -0.076254
17.63000 -0.078570
17.64000 -0.080584
17.65000 -0.081183
17.66000 -0.082602
17.67000 -0.082433
17.68000 -0.082907
17.69000 -0.083062
17.70000 -0.087344
17.71000 -0.086165
17.72000 -0.085763
17.73000 -0.089351
17.74000 -0.089786
17.75000 -0.089511
17.76000 -0.089243
17.77000 -0.084841
17.78000 -0.086064
17.79000 -0.088465
17.80000 -0.089132
17.81000 -0.085066
17.82000 -0.088602
17.83000 -0.083713
17.84000 -0.080759
17.85000 -0.079822
17.86000 -0.079361
17.87000 -0.078522
17.88000 -0.076926
17.89000 -0.075534
17.90000 -0.075607
17.91000 -0.072044
17.92000 -0.068168
17.93000 -0.064563
17.94000 -0.064895
17.95000 -0.060403
17.96000 -0.058268
17.97000 -0.054632
17.98000 -0.048763
17.99000 -0.045353
18.00000 -0.045625
18.01000 -0.042172
18.02000 -0.043235
18.03000 -0.035551
18.04000 -0.034911
18.05000 -0.030312
18.06000 -0.032687
18.07000 -0.024541
18.08000 -0.025644
18.09000 -0.021404
18.10000 -0.021554
18.11000 -0.017708
18.12000 -0.016853
18.13000 -0.015476
18.14000 -0.018702
18.15000 -0.015084
18.16000 -0.014844
18.17000 -0.015054
18.18000 -0.010616
18.19000 -0.009909
18.20000 -0.009763
18.21000 -0.006963
18.22000 -0.004429
18.23000 -0.008123
18.24000 -0.003627
18.25000 -0.006081
18.26000 -0.000370
18.27000 -0.000192
18.28000 0.003437
18.29000 0.000093
18.30000 0.003684
18.31000 0.004240
18.32000 0.006486
18.33000 0.012103
18.34000 0.015865
18.35000 0.018692
18.36000 0.021974
18.37000 0.022590
18.38000 0.023354
18.39000 0.029730
18.40000 0.030417
18.41000 0.032559
18.42000 0.041336
18.43000 0.043894
18.44000 0.044074
18.45000 0.047928
18.46000 0.048946
18.47000 0.055516
18.48000 0.054858
18.49000 0.060723
18.50000 0.059906
18.51000 0.063802
18.52000 0.060949
18.53000 0.065799
18.54000 0.067079
18.55000 0.069251
18.56000 0.067388
18.57000 0.070262
18.58000 0.065333
18.59000 0.067282
18.60000 0.067462
18.61000 0.063376
18.62000 0.063552
18.63000 0.064433
18.64000 0.061291
18.65000 0.062860
18.66000 0.056927
18.67000 0.056236
18.68000 0.057958
18.69000 0.049619
18.70000 0.049137
18.71000 0.045745
18.72000 0.043768
18.73000 0.040497
18.74000 0.038725
18.75000 0.040112
18.76000 0.035453
18.77000 0.032266
18.78000 0.034901
18.79000 0.026800
18.80000 0.026960
18.81000 0.025809
18.82000 0.026084
18.83000 0.021368
18.84000 0.022848
18.85000 0.021383
18.86000 0.018107
18.87000 0.016967
18.88000 0.014577
18.89000 0.014452
18.90000 0.016262
18.91000 0.016205
18.92000 0.013357
18.93000 0.016847
18.94000 0.013869
18.95000 0.013307
18.96000 0.019891
18.97000 0.020072
18.98000 0.016880
18.99000 0.016383
19.00000 0.016542
19.01000 0.017830
19.02000 0.021086
19.03000 0.016782
19.04000 0.018678
19.05000 0.020793
19.06000 0.019896
19.07000 0.016371
19.08000 0.018318
19.09000 0.014965
19.10000 0.013955
19.11000 0.016105
19.12000 0.016528
19.13000 0.013515
19.14000 0.012386
19.15000 0.009376
19.16000 0.007370
19.17000 0.003147
19.18000 0.000666
19.19000 0.003457
19.20000 -0.001668
19.21000 -0.003752
19.22000 -0.008243
19.23000 -0.005761
19.24000 -0.010639
19.25000 -0.009622
19.26000 -0.017275
19.27000 -0.017567
19.28000 -0.019665
19.29000 -0.023509
19.30000 -0.019037
19.31000 -0.024612
19.32000 -0.027009
19.33000 -0.027450
19.34000 -0.031128
19.35000 -0.029744
19.36000 -0.029190
19.37000 -0.030741
19.38000 -0.031469
19.39000 -0.037176
19.40000 -0.034176
19.41000 -0.038954
19.42000 -0.041077
19.43000 -0.042074
19.44000 -0.041025
19.45000 -0.041182
19.46000 -0.037246
19.47000 -0.041152
19.48000 -0.042678
19.49000 -0.037684
19.50000 -0.038069
19.51000 -0.039266
19.52000 -0.041517
19.53000 -0.037220
19.54000 -0.040452
19.55000 -0.038925
19.56000 -0.037909
19.57000 -0.036670
19.58000 -0.035463
19.59000 -0.035670
19.60000 -0.035417
19.61000 -0.032981
19.62000 -0.034323
19.63000 -0.033631
19.64000 -0.029855
19.65000 -0.033589
19.66000 -0.030866
19.67000 -0.026545
19.68000 -0.029551
19.69000 -0.026774
19.70000 -0.027265
19.71000 -0.028259
19.72000 -0.028713
19.73000 -0.025371
19.74000 -0.023145
19.75000 -0.027270
19.76000 -0.025286
19.77000 -0.023801
19.78000 -0.024578
19.79000 -0.020618
19.80000 -0.022906
19.81000 -0.018937
19.82000 -0.017253
19.83000 -0.019193
19.84000 -0.018075
19.85000 -0.015882
19.86000 -0.011716
19.87000 -0.014506
19.88000 -0.007172
19.89000 -0.009024
19.90000 -0.002928
19.91000 -0.006552
19.92000 -0.003715
19.93000 0.000528
19.94000 0.004310
19.95000 0.006429
19.96000 0.012561
19.97000 0.012632
19.98000 0.019236
19.99000 0.021158
20.00000 0.025294
20.01000 0.027630
20.02000 0.033793
20.03000 0.036180
20.04000 0.036736
20.05000 0.038950
20.06000 0.044633
20.07000 0.046542
20.08000 0.048049
20.09000 0.047774
20.10000 0.052107
20.11000 0.057191
20.12000 0.052028
20.13000 0.054207
20.14000 0.058790
20.15000 0.056215
20.16000 0.058079
20.17000 0.059040
20.18000 0.054485
20.19000 0.053085
20.20000 0.057924
20.21000 0.050940
20.22000 0.050273
20.23000 0.050493
20.24000 0.044882
20.25000 0.047881
20.26000 0.044242
20.27000 0.037254
20.28000 0.033660
20.29000 0.033798
20.30000 0.028513
20.31000 0.023807
20.32000 0.024977
20.33000 0.016417
20.34000 0.017240
20.35000 0.011341
20.36000 0.005080
20.37000 0.003113
20.38000 0.001019
20.39000 -0.004936
20.40000 -0.009162
20.41000 -0.008213
20.42000 -0.014204
20.43000 -0.014775
20.44000 -0.019813
20.45000 -0.017434
20.46000 -0.025196
20.47000 -0.020810
20.48000 -0.024726
20.49000 -0.024312
20.50000 -0.027542
20.51000 -0.025245
20.52000 -0.025517
20.53000 -0.030962
20.54000 -0.029459
20.55000 -0.024675
20.56000 -0.024774
20.57000 -0.023133
20.58000 -0.024441
20.59000 -0.024964
20.60000 -0.019879
20.61000 -0.020207
20.62000 -0.015595
20.63000 -0.012779
20.64000 -0.010812
20.65000 -0.008373
20.66000 -0.008136
20.67000 -0.003387
20.68000 0.002145
20.69000 0.004099
20.70000 0.007675
20.71000 0.008269
20.72000 0.008942
20.73000 0.014771
20.74000 0.015236
20.75000 0.019743
20.76000 0.021628
20.77000 0.022386
20.78000 0.024418
20.79000 0.026901
20.80000 0.032535
20.81000 0.036313
20.82000 0.034922
20.83000 0.039142
20.84000 0.038381
20.85000 0.038656
20.86000 0.043447
20.87000 0.043285
20.88000 0.046359
20.89000 0.047657
20.90000 0.052268
20.91000 0.049742
20.92000 0.054734
20.93000 0.053782
20.94000 0.054853
20.95000 0.056951
20.96000 0.057898
20.97000 0.060279
20.98000 0.059047
20.99000 0.059102
21.00000 0.059377
21.01000 0.060119
21.02000 0.059704
21.03000 0.063198
21.04000 0.063660
21.05000 0.059386
21.06000 0.062337
21.07000 0.057869
21.08000 0.058889
21.09000 0.058979
21.10000 0.057490
21.11000 0.056261
21.12000 0.051910
21.13000 0.052772
21.14000 0.053400
21.15000 0.047231
21.16000 0.051312
21.17000 0.049005
21.18000 0.046070
21.19000 0.042969
21.20000 0.045563
21.21000 0.040312
21.22000 0.043286
21.23000 0.037478
21.24000 0.039001
21.25000 0.038697
21.26000 0.033755
21.27000 0.033683
21.28000 0.030769
21.29000 0.034594
21.30000 0.030524
21.31000 0.034756
21.32000 0.033303
21.33000 0.031545
21.34000 0.029901
21.35000 0.028623
21.36000 0.027965
21.37000 0.032729
21.38000 0.029237
21.39000 0.032566
21.40000 0.029483
21.41000 0.028643
21.42000 0.033988
21.43000 0.035312
21.44000 0.030712
21.45000 0.030905
21.46000 0.035836
21.47000 0.034524
21.48000 0.037244
21.49000 0.036925
21.50000 0.035816
21.51000 0.039332
21.52000 0.039565
21.53000 0.042497
21.54000 0.046370
21.55000 0.043971
21.56000 0.045435
21.57000 0.050626
21.58000 0.055300
21.59000 0.052436
21.60000 0.054178
21.61000 0.056365
21.62000 0.056599
21.63000 0.058564
21.64000 0.061562
21.65000 0.063889
21.66000 0.064358
21.67000 0.069597
21.68000 0.065768
21.69000 0.066297
21.70000 0.068444
21.71000 0.070020
21.72000 0.069468
21.73000 0.068751
21.74000 0.071407
21.75000 0.070586
21.76000 0.069046
21.77000 0.067408
21.78000 0.069910
21.79000 0.066466
21.80000 0.064416
21.81000 0.060778
21.82000 0.061976
21.83000 0.060875
21.84000 0.058909
21.85000 0.053605
21.86000 0.051554
21.87000 0.053552
21.88000 0.047242
21.89000 0.049943
21.90000 0.045182
21.91000 0.040313
21.92000 0.042275
21.93000 0.036058
21.94000 0.033513
21.95000 0.033605
21.96000 0.033268
21.97000 0.028064
21.98000 0.028041
21.99000 0.023668
22.00000 0.021342
22.01000 0.020035
22.02000 0.018872
22.03000 0.017858
22.04000 0.016998
22.05000 0.016298
22.06000 0.015773
22.07000 0.015414
22.08000 0.015213
22.09000 0.015165
22.10000 0.015262
22.11000 0.015505
22.12000 0.015881
22.13000 0.016366
22.14000 0.016945
22.15000 0.017599
22.16000 0.018311
22.17000 0.019058
22.18000 0.019814
22.19000 0.020553
22.20000 0.021254
22.21000 0.021891
22.22000 0.022426
22.23000 0.022846
22.24000 0.023128
22.25000 0.023252
22.26000 0.023201
22.27000 0.022937
22.28000 0.022457
22.29000 0.021758
22.30000 0.020832
22.31000 0.019677
22.32000 0.018276
22.33000 0.016631
22.34000 0.014764
22.35000 0.012685
22.36000 0.010407
22.37000 0.007939
22.38000 0.005287
22.39000 0.002491
22.40000 -0.000428
22.41000 -0.003450
22.42000 -0.006552
22.43000 -0.009716
22.44000 -0.012910
22.45000 -0.016113
22.46000 -0.019304
22.47000 -0.022466
22.48000 -0.025575
22.49000 -0.028615
22.50000 -0.031579
22.51000 -0.034453
22.52000 -0.037232
22.53000 -0.039902
22.54000 -0.042458
22.55000 -0.044906
22.56000 -0.047247
22.57000 -0.049482
22.58000 -0.051612
22.59000 -0.053632
22.60000 -0.055559
22.61000 -0.057398
22.62000 -0.059152
22.63000 -0.060827
22.64000 -0.062416
22.65000 -0.063931
22.66000 -0.065375
22.67000 -0.066746
22.68000 -0.068045
22.69000 -0.069261
22.70000 -0.070395
22.71000 -0.071443
22.72000 -0.072400
22.73000 -0.073258
22.74000 -0.074002
22.75000 -0.074621
22.76000 -0.075115
22.77000 -0.075475
22.78000 -0.075692
22.79000 -0.075756
22.80000 -0.075644
22.81000 -0.075368
22.82000 -0.074924
22.83000 -0.074309
22.84000 -0.073521
22.85000 -0.072539
22.86000 -0.071387
22.87000 -0.070069
22.88000 -0.068590
22.89000 -0.066958
22.90000 -0.065169
22.91000 -0.063241
22.92000 -0.061191
22.93000 -0.059033
22.94000 -0.056776
22.95000 -0.054432
22.96000 -0.052015
22.97000 -0.049545
22.98000 -0.047035
22.99000 -0.044500
23.00000 -0.041952
23.01000 -0.039406
23.02000 -0.036877
23.03000 -0.034375
23.04000 -0.031913
23.05000 -0.029500
23.06000 -0.027155
23.07000 -0.024884
23.08000 -0.022693
23.09000 -0.020592
23.10000 -0.018588
23.11000 -0.016700
23.12000 -0.014930
23.13000 -0.013281
23.14000 -0.011759
23.15000 -0.010370
23.16000 -0.009127
23.17000 -0.008039
23.18000 -0.007100
23.19000 -0.006313
23.20000 -0.005680
23.21000 -0.005208
23.22000 -0.004911
23.23000 -0.004772
23.24000 -0.004788
23.25000 -0.004958
23.26000 -0.005277
23.27000 -0.005759
23.28000 -0.006378
23.29000 -0.007125
23.30000 -0.007991
23.31000 -0.008965
23.32000 -0.010045
23.33000 -0.011210
23.34000 -0.012443
23.35000 -0.013729
23.36000 -0.015055
23.37000 -0.016407
23.38000 -0.017767
23.39000 -0.019119
23.40000 -0.020450
23.41000 -0.021747
23.42000 -0.022995
23.43000 -0.024177
23.44000 -0.025289
23.45000 -0.026322
23.46000 -0.027268
23.47000 -0.028123
23.48000 -0.028869
23.49000 -0.029514
23.50000 -0.030058
23.51000 -0.030500
23.52000 -0.030842
23.53000 -0.031077
23.54000 -0.031212
23.55000 -0.031254
23.56000 -0.031209
23.57000 -0.031079
23.58000 -0.030865
23.59000 -0.030569
23.60000 -0.030201
23.61000 -0.029765
23.62000 -0.029263
23.63000 -0.028697
23.64000 -0.028062
23.65000 -0.027367
23.66000 -0.026614
23.67000 -0.025801
23.68000 -0.024930
23.69000 -0.023991
23.70000 -0.022993
23.71000 -0.021935
23.72000 -0.020817
23.73000 -0.019640
23.74000 -0.018399
23.75000 -0.017100
23.76000 -0.015746
23.77000 -0.014342
23.78000 -0.012891
23.79000 -0.011396
23.80000 -0.009865
23.81000 -0.008307
23.82000 -0.006730
23.83000 -0.005142
23.84000 -0.003553
23.85000 -0.001975
23.86000 -0.000416
23.87000 0.001115
23.88000 0.002606
23.89000 0.004051
23.90000 0.005434
23.91000 0.006752
23.92000 0.008002
23.93000 0.009179
23.94000 0.010280
23.95000 0.011297
23.96000 0.012235
23.97000 0.013099
23.98000 0.013894
23.99000 0.014626
24.00000 0.015299
24.01000 0.015923
24.02000 0.016513
24.03000 0.017080
24.04000 0.017636
24.05000 0.018195
24.06000 0.018771
24.07000 0.019379
24.08000 0.020030
24.09000 0.020735
24.10000 0.021506
24.11000 0.022362
24.12000 0.023305
24.13000 0.024338
24.14000 0.025465
24.15000 0.026689
24.16000 0.028018
24.17000 0.029444
24.18000 0.030958
24.19000 0.032550
24.20000 0.034212
24.21000 0.035935
24.22000 0.037700
24.23000 0.039489
24.24000 0.041284
24.25000 0.043064
24.26000 0.044809
24.27000 0.046489
24.28000 0.048087
24.29000 0.049582
24.30000 0.050952
24.31000 0.052177
24.32000 0.053213
24.33000 0.054060
24.34000 0.054704
24.35000 0.055129
24.36000 0.055323
24.37000 0.055254
24.38000 0.054926
24.39000 0.054344
24.40000 0.053510
24.41000 0.052425
24.42000 0.051079
24.43000 0.049480
24.44000 0.047657
24.45000 0.045626
24.46000 0.043405
24.47000 0.041010
24.48000 0.038453
24.49000 0.035779
24.50000 0.033014
24.51000 0.030185
24.52000 0.027322
24.53000 0.024457
24.54000 0.021624
24.55000 0.018852
24.56000 0.016169
24.57000 0.013604
24.58000 0.011198
24.59000 0.008972
24.60000 0.006942
24.61000 0.005126
24.62000 0.003542
24.63000 0.002219
24.64000 0.001174
24.65000 0.000395
24.66000 -0.000115
24.67000 -0.000354
24.68000 -0.000319
24.69000 0.000008
24.70000 0.000586
24.71000 0.001405
24.72000 0.002450
24.73000 0.003707
24.74000 0.005178
24.75000 0.006820
24.76000 0.008611
24.77000 0.010529
24.78000 0.012552
24.79000 0.014665
24.80000 0.016838
24.81000 0.019048
24.82000 0.021274
24.83000 0.023498
24.84000 0.025698
24.85000 0.027856
24.86000 0.029958
24.87000 0.031991
24.88000 0.033944
24.89000 0.035804
24.90000 0.037551
24.91000 0.039189
24.92000 0.040713
24.93000 0.042116
24.94000 0.043396
24.95000 0.044532
24.96000 0.045536
24.97000 0.046407
24.98000 0.047142
24.99000 0.047742
25.00000 0.048190
25.01000 0.048492
25.02000 0.048652
25.03000 0.048668
25.04000 0.048540
25.05000 0.048256
25.06000 0.047812
25.07000 0.047219
25.08000 0.046475
25.09000 0.045581
25.10000 0.044534
25.11000 0.043320
25.12000 0.041961
25.13000 0.040458
25.14000 0.038817
25.15000 0.037043
25.16000 0.035129
25.17000 0.033097
25.18000 0.030959
25.19000 0.028726
25.20000 0.026411
25.21000 0.024021
25.22000 0.021575
25.23000 0.019092
25.24000 0.016588
25.25000 0.014077
25.26000 0.011577
25.27000 0.009107
25.28000 0.006680
25.29000 0.004311
25.30000 0.002014
25.31000 -0.000198
25.32000 -0.002302
25.33000 -0.004300
25.34000 -0.006184
25.35000 -0.007948
25.36000 -0.009586
25.37000 -0.011080
25.38000 -0.012443
25.39000 -0.013677
25.40000 -0.014785
25.41000 -0.015768
25.42000 -0.016620
25.43000 -0.017355
25.44000 -0.017982
25.45000 -0.018510
25.46000 -0.018944
25.47000 -0.019289
25.48000 -0.019550
25.49000 -0.019742
25.50000 -0.019873
25.51000 -0.019948
25.52000 -0.019973
25.53000 -0.019951
25.54000 -0.019893
25.55000 -0.019803
25.56000 -0.019686
25.57000 -0.019547
25.58000 -0.019386
25.59000 -0.019210
25.60000 -0.019022
25.61000 -0.018825
25.62000 -0.018622
25.63000 -0.018418
25.64000 -0.018215
25.65000 -0.018017
25.66000 -0.017828
25.67000 -0.017651
25.68000 -0.017492
25.69000 -0.017357
25.70000 -0.017247
25.71000 -0.017166
25.72000 -0.017119
25.73000 -0.017109
25.74000 -0.017144
25.75000 -0.017222
25.76000 -0.017344
25.77000 -0.017511
25.78000 -0.017722
25.79000 -0.017982
25.80000 -0.018282
25.81000 -0.018617
25.82000 -0.018984
25.83000 -0.019375
25.84000 -0.019783
25.85000 -0.020198
25.86000 -0.020610
25.87000 -0.021008
25.88000 -0.021382
25.89000 -0.021717
25.90000 -0.022000
25.91000 -0.022222
25.92000 -0.022373
25.93000 -0.022443
25.94000 -0.022422
25.95000 -0.022290
25.96000 -0.022054
25.97000 -0.021709
25.98000 -0.021253
25.99000 -0.020684
26.00000 -0.019991
26.01000 -0.019191
26.02000 -0.018290
26.03000 -0.017298
26.04000 -0.016222
26.05000 -0.015069
26.06000 -0.013858
26.07000 -0.012606
26.08000 -0.011328
26.09000 -0.010040
26.10000 -0.008760
26.11000 -0.007508
26.12000 -0.006300
26.13000 -0.005150
26.14000 -0.004075
26.15000 -0.003090
26.16000 -0.002218
26.17000 -0.001460
26.18000 -0.000825
26.19000 -0.000319
26.20000 0.000053
26.21000 0.000270
26.22000 0.000348
26.23000 0.000289
26.24000 0.000098
26.25000 -0.000219
26.26000 -0.000666
26.27000 -0.001228
26.28000 -0.001886
26.29000 -0.002631
26.30000 -0.003449
26.31000 -0.004330
26.32000 -0.005259
26.33000 -0.006217
26.34000 -0.007190
26.35000 -0.008166
26.36000 -0.009131
26.37000 -0.010069
26.38000 -0.010971
26.39000 -0.011827
26.40000 -0.012629
26.41000 -0.013370
26.42000 -0.014035
26.43000 -0.014628
26.44000 -0.015147
26.45000 -0.015592
26.46000 -0.015963
26.47000 -0.016257
26.48000 -0.016480
26.49000 -0.016642
26.50000 -0.016748
26.51000 -0.016805
26.52000 -0.016819
26.53000 -0.016800
26.54000 -0.016758
26.55000 -0.016704
26.56000 -0.016646
26.57000 -0.016593
26.58000 -0.016556
26.59000 -0.016541
26.60000 -0.016557
26.61000 -0.016608
26.62000 -0.016701
26.63000 -0.016844
26.64000 -0.017035
26.65000 -0.017275
26.66000 -0.017565
26.67000 -0.017901
26.68000 -0.018285
26.69000 -0.018711
26.70000 -0.019169
26.71000 -0.019655
26.72000 -0.020159
26.73000 -0.020674
26.74000 -0.021190
26.75000 -0.021695
26.76000 -0.022181
26.77000 -0.022637
26.78000 -0.023054
26.79000 -0.023418
26.80000 -0.023724
26.81000 -0.023966
26.82000 -0.024140
26.83000 -0.024238
26.84000 -0.024251
26.85000 -0.024185
26.86000 -0.024041
26.87000 -0.023822
26.88000 -0.023533
26.89000 -0.023173
26.90000 -0.022755
26.91000 -0.022290
26.92000 -0.021789
26.93000 -0.021265
26.94000 -0.020729
26.95000 -0.020198
26.96000 -0.019684
26.97000 -0.019204
26.98000 -0.018769
26.99000 -0.018395
27.00000 -0.018103
27.01000 -0.017897
27.02000 -0.017787
27.03000 -0.017780
27.04000 -0.017885
27.05000 -0.018120
27.06000 -0.018476
27.07000 -0.018954
27.08000 -0.019550
27.09000 -0.020262
27.10000 -0.021094
27.11000 -0.022034
27.12000 -0.023066
27.13000 -0.024181
27.14000 -0.025367
27.15000 -0.026612
27.16000 -0.027902
27.17000 -0.029218
27.18000 -0.030544
27.19000 -0.031866
27.20000 -0.033167
27.21000 -0.034427
27.22000 -0.035636
27.23000 -0.036777
27.24000 -0.037840
27.25000 -0.038812
27.26000 -0.039669
27.27000 -0.040410
27.28000 -0.041028
27.29000 -0.041515
27.30000 -0.041864
27.31000 -0.042058
27.32000 -0.042096
27.33000 -0.041982
27.34000 -0.041712
27.35000 -0.041284
27.36000 -0.040688
27.37000 -0.039918
27.38000 -0.038985
27.39000 -0.037890
27.40000 -0.036634
27.41000 -0.035212
27.42000 -0.033609
27.43000 -0.031846
27.44000 -0.029923
27.45000 -0.027843
27.46000 -0.025606
27.47000 -0.023198
27.48000 -0.020636
27.49000 -0.017929
27.50000 -0.015079
27.51000 -0.012091
27.52000 -0.008961
27.53000 -0.005701
27.54000 -0.002326
27.55000 0.001156
27.56000 0.004736
27.57000 0.008406
27.58000 0.012156
27.59000 0.015965
27.60000 0.019821
27.61000 0.023708
27.62000 0.027612
27.63000 0.031516
27.64000 0.035400
27.65000 0.039249
27.66000 0.043047
27.67000 0.046774
27.68000 0.050403
27.69000 0.053924
27.70000 0.057319
27.71000 0.060575
27.72000 0.063674
27.73000 0.066585
27.74000 0.069296
27.75000 0.071804
27.76000 0.074095
27.77000 0.076157
27.78000 0.077965
27.79000 0.079502
27.80000 0.080777
27.81000 0.081785
27.82000 0.082520
27.83000 0.082973
27.84000 0.083112
27.85000 0.082970
27.86000 0.082548
27.87000 0.081850
27.88000 0.080879
27.89000 0.079612
27.90000 0.078086
27.91000 0.076318
27.92000 0.074320
27.93000 0.072108
27.94000 0.069682
27.95000 0.067074
27.96000 0.064312
27.97000 0.061421
27.98000 0.058424
27.99000 0.055343
28.00000 0.052207
28.01000 0.049050
28.02000 0.045898
28.03000 0.042778
28.04000 0.039718
28.05000 0.036756
28.06000 0.033908
28.07000 0.031196
28.08000 0.028641
28.09000 0.026262
28.10000 0.024098
28.11000 0.022143
28.12000 0.020403
28.13000 0.018884
28.14000 0.017587
28.15000 0.016532
28.16000 0.015703
28.17000 0.015082
28.18000 0.014656
28.19000 0.014410
28.20000 0.014336
28.21000 0.014416
28.22000 0.014612
28.23000 0.014904
28.24000 0.015265
28.25000 0.015673
28.26000 0.016101
28.27000 0.016519
28.28000 0.016906
28.29000 0.017239
28.30000 0.017497
28.31000 0.017651
28.32000 0.017692
28.33000 0.017610
28.34000 0.017394
28.35000 0.017039
28.36000 0.016527
28.37000 0.015862
28.38000 0.015053
28.39000 0.014106
28.40000 0.013028
28.41000 0.011821
28.42000 0.010494
28.43000 0.009070
28.44000 0.007561
28.45000 0.005982
28.46000 0.004347
28.47000 0.002666
28.48000 0.000961
28.49000 -0.000756
28.50000 -0.002473
28.51000 -0.004178
28.52000 -0.005858
28.53000 -0.007504
28.54000 -0.009111
28.55000 -0.010672
28.56000 -0.012182
28.57000 -0.013632
28.58000 -0.015022
28.59000 -0.016353
28.60000 -0.017622
28.61000 -0.018831
28.62000 -0.019974
28.63000 -0.021049
28.64000 -0.022060
28.65000 -0.023009
28.66000 -0.023892
28.67000 -0.024708
28.68000 -0.025447
28.69000 -0.026115
28.70000 -0.026709
28.71000 -0.027226
28.72000 -0.027662
28.73000 -0.028004
28.74000 -0.028256
28.75000 -0.028416
28.76000 -0.028481
28.77000 -0.028450
28.78000 -0.028312
28.79000 -0.028070
28.80000 -0.027729
28.81000 -0.027292
28.82000 -0.026761
28.83000 -0.026137
28.84000 -0.025421
28.85000 -0.024629
28.86000 -0.023768
28.87000 -0.022848
28.88000 -0.021876
28.89000 -0.020859
28.90000 -0.019814
28.91000 -0.018751
28.92000 -0.017680
28.93000 -0.016612
28.94000 -0.015556
28.95000 -0.014523
28.96000 -0.013518
28.97000 -0.012547
28.98000 -0.011616
28.99000 -0.010732
29.00000 -0.009896
29.01000 -0.009107
29.02000 -0.008362
29.03000 -0.007662
29.04000 -0.007006
29.05000 -0.006390
29.06000 -0.005808
29.07000 -0.005255
29.08000 -0.004727
29.09000 -0.004222
29.10000 -0.003735
29.11000 -0.003264
29.12000 -0.002805
29.13000 -0.002359
29.14000 -0.001926
29.15000 -0.001511
29.16000 -0.001115
29.17000 -0.000744
29.18000 -0.000403
29.19000 -0.000100
29.20000 0.000153
29.21000 0.000346
29.22000 0.000474
29.23000 0.000525
29.24000 0.000492
29.25000 0.000360
29.26000 0.000115
29.27000 -0.000241
29.28000 -0.000714
29.29000 -0.001307
29.30000 -0.002025
29.31000 -0.002882
29.32000 -0.003860
29.33000 -0.004955
29.34000 -0.006161
29.35000 -0.007470
29.36000 -0.008881
29.37000 -0.010371
29.38000 -0.011926
29.39000 -0.013530
29.40000 -0.015167
29.41000 -0.016822
29.42000 -0.018475
29.43000 -0.020108
29.44000 -0.021706
29.45000 -0.023253
29.46000 -0.024731
29.47000 -0.026123
29.48000 -0.027423
29.49000 -0.028623
29.50000 -0.029716
29.51000 -0.030693
29.52000 -0.031540
29.53000 -0.032269
29.54000 -0.032881
29.55000 -0.033379
29.56000 -0.033767
29.57000 -0.034039
29.58000 -0.034214
29.59000 -0.034300
29.60000 -0.034309
29.61000 -0.034247
29.62000 -0.034120
29.63000 -0.033941
29.64000 -0.033722
29.65000 -0.033470
29.66000 -0.033194
29.67000 -0.032900
29.68000 -0.032594
29.69000 -0.032283
29.70000 -0.031972
29.71000 -0.031663
29.72000 -0.031359
29.73000 -0.031062
29.74000 -0.030772
29.75000 -0.030490
29.76000 -0.030215
29.77000 -0.029947
29.78000 -0.029685
29.79000 -0.029428
29.80000 -0.029173
29.81000 -0.028922
29.82000 -0.028671
29.83000 -0.028421
29.84000 -0.028171
29.85000 -0.027919
29.86000 -0.027666
29.87000 -0.027410
29.88000 -0.027151
29.89000 -0.026888
29.90000 -0.026619
29.91000 -0.026344
29.92000 -0.026060
29.93000 -0.025765
29.94000 -0.025454
29.95000 -0.025124
29.96000 -0.024772
29.97000 -0.024392
29.98000 -0.023979
29.99000 -0.023523
30.00000 -0.023019
