0.00000 -0.018134
0.01000 -0.031718
0.02000 -0.039737
0.03000 -0.040972
0.04000 -0.043904
0.05000 -0.048721
0.06000 -0.055756
0.07000 -0.056977
0.08000 -0.060579
0.09000 -0.059365
0.10000 -0.056634
0.11000 -0.051319
0.12000 -0.042651
0.13000 -0.039486
0.14000 -0.032451
0.15000 -0.034145
0.16000 -0.020036
0.17000 -0.016896
0.18000 -0.010948
0.19000 -0.007857
0.20000 -0.001101
0.21000 -0.001660
0.22000 0.000392
0.23000 0.004513
0.24000 0.003626
0.25000 0.007583
0.26000 -0.001177
0.27000 0.003371
0.28000 -0.009388
0.29000 -0.008467
0.30000 -0.018741
0.31000 -0.019998
0.32000 -0.030768
0.33000 -0.033223
0.34000 -0.048187
0.35000 -0.049049
0.36000 -0.051603
0.37000 -0.060349
0.38000 -0.060067
0.39000 -0.056310
0.40000 -0.056732
0.41000 -0.058167
0.42000 -0.060888
0.43000 -0.048484
0.44000 -0.052010
0.45000 -0.042393
0.46000 -0.038144
0.47000 -0.028091
0.48000 -0.025639
0.49000 -0.015539
0.50000 -0.013003
0.51000 -0.010046
0.52000 -0.003846
0.53000 0.001268
0.54000 0.004091
0.55000 -0.000462
0.56000 0.001427
0.57000 -0.002729
0.58000 -0.010183
0.59000 -0.011988
0.60000 -0.019293
0.61000 -0.027183
0.62000 -0.028965
0.63000 -0.037578
0.64000 -0.041022
0.65000 -0.051505
0.66000 -0.059499
0.67000 -0.060007
0.68000 -0.063220
0.69000 -0.064902
0.70000 -0.064077
0.71000 -0.069842
0.72000 -0.069106
0.73000 -0.059136
0.74000 -0.052954
0.75000 -0.048890
0.76000 -0.036533
0.77000 -0.027180
0.78000 -0.018643
0.79000 -0.009826
0.80000 -0.002976
0.81000 0.008799
0.82000 0.015988
0.83000 0.026425
0.84000 0.029694
0.85000 0.036284
0.86000 0.042870
0.87000 0.047249
0.88000 0.041651
0.89000 0.036599
0.90000 0.042366
0.91000 0.031785
0.92000 0.031010
0.93000 0.020261
0.94000 0.012342
0.95000 0.006645
0.96000 -0.010599
0.97000 -0.016534
0.98000 -0.023011
0.99000 -0.026809
1.00000 -0.030538
1.01000 -0.035642
1.02000 -0.043143
1.03000 -0.041355
1.04000 -0.038951
1.05000 -0.037677
1.06000 -0.034934
1.07000 -0.034383
1.08000 -0.020188
1.09000 -0.014090
1.10000 -0.011127
1.11000 -0.002389
1.12000 0.005057
1.13000 0.011020
1.14000 0.015801
1.15000 0.023165
1.16000 0.029957
1.17000 0.026388
1.18000 0.031750
1.19000 0.031349
1.20000 0.022599
1.21000 0.012954
1.22000 0.003411
1.23000 -0.002102
1.24000 -0.017810
1.25000 -0.024065
1.26000 -0.045336
1.27000 -0.053973
1.28000 -0.068958
1.29000 -0.088079
1.30000 -0.097733
1.31000 -0.109854
1.32000 -0.118082
1.33000 -0.124848
1.34000 -0.129248
1.35000 -0.138622
1.36000 -0.133498
1.37000 -0.136536
1.38000 -0.136900
1.39000 -0.123356
1.40000 -0.121997
1.41000 -0.115087
1.42000 -0.099148
1.43000 -0.098182
1.44000 -0.088289
1.45000 -0.081060
1.46000 -0.068970
1.47000 -0.068780
1.48000 -0.057550
1.49000 -0.059628
1.50000 -0.056183
1.51000 -0.058186
1.52000 -0.062127
1.53000 -0.078629
1.54000 -0.086943
1.55000 -0.096008
1.56000 -0.111808
1.57000 -0.128791
1.58000 -0.146516
1.59000 -0.158349
1.60000 -0.175742
1.61000 -0.185281
1.62000 -0.200424
1.63000 -0.214333
1.64000 -0.223552
1.65000 -0.237268
1.66000 -0.244514
1.67000 -0.240629
1.68000 -0.238957
1.69000 -0.239261
1.70000 -0.231009
1.71000 -0.218061
1.72000 -0.211494
1.73000 -0.198877
1.74000 -0.181327
1.75000 -0.168646
1.76000 -0.147457
1.77000 -0.138875
1.78000 -0.120937
1.79000 -0.112540
1.80000 -0.101510
1.81000 -0.099556
1.82000 -0.096650
1.83000 -0.092172
1.84000 -0.097731
1.85000 -0.103683
1.86000 -0.113811
1.87000 -0.130108
1.88000 -0.150311
1.89000 -0.164636
1.90000 -0.183970
1.91000 -0.204902
1.92000 -0.219480
1.93000 -0.238291
1.94000 -0.255136
1.95000 -0.258414
1.96000 -0.260347
1.97000 -0.260564
1.98000 -0.250807
1.99000 -0.228772
2.00000 -0.207062
2.01000 -0.173516
2.02000 -0.129036
2.03000 -0.078870
2.04000 -0.024265
2.05000 0.040329
2.06000 0.109181
2.07000 0.190115
2.08000 0.263214
2.09000 0.341336
2.10000 0.423628
2.11000 0.510423
2.12000 0.591211
2.13000 0.660840
2.14000 0.729985
2.15000 0.795416
2.16000 0.853722
2.17000 0.892886
2.18000 0.933280
2.19000 0.952574
2.20000 0.967819
2.21000 0.970528
2.22000 0.951673
2.23000 0.932903
2.24000 0.897986
2.25000 0.849539
2.26000 0.793909
2.27000 0.732330
2.28000 0.666642
2.29000 0.589860
2.30000 0.509306
2.31000 0.423792
2.32000 0.344787
2.33000 0.264761
2.34000 0.185537
2.35000 0.113655
2.36000 0.040375
2.37000 -0.023263
2.38000 -0.076776
2.39000 -0.132133
2.40000 -0.173741
2.41000 -0.206597
2.42000 -0.231094
2.43000 -0.242736
2.44000 -0.259002
2.45000 -0.259780
2.46000 -0.249327
2.47000 -0.237891
2.48000 -0.221791
2.49000 -0.211751
2.50000 -0.190829
2.51000 -0.170216
2.52000 -0.144666
2.53000 -0.118534
2.54000 -0.105206
2.55000 -0.083381
2.56000 -0.068806
2.57000 -0.058756
2.58000 -0.056300
2.59000 -0.050128
2.60000 -0.054589
2.61000 -0.062514
2.62000 -0.063016
2.63000 -0.082833
2.64000 -0.095655
2.65000 -0.115540
2.66000 -0.129866
2.67000 -0.155473
2.68000 -0.169963
2.69000 -0.187367
2.70000 -0.205523
2.71000 -0.227717
2.72000 -0.242715
2.73000 -0.256215
2.74000 -0.269547
2.75000 -0.280568
2.76000 -0.285622
2.77000 -0.289318
2.78000 -0.286242
2.79000 -0.287164
2.80000 -0.277854
2.81000 -0.275449
2.82000 -0.262052
2.83000 -0.251385
2.84000 -0.245466
2.85000 -0.234657
2.86000 -0.224273
2.87000 -0.213964
2.88000 -0.206170
2.89000 -0.197117
2.90000 -0.196975
2.91000 -0.197462
2.92000 -0.189291
2.93000 -0.198281
2.94000 -0.200916
2.95000 -0.201226
2.96000 -0.203680
2.97000 -0.217145
2.98000 -0.220682
2.99000 -0.229519
3.00000 -0.236329
3.01000 -0.239272
3.02000 -0.251207
3.03000 -0.257553
3.04000 -0.259386
3.05000 -0.266840
3.06000 -0.260993
3.07000 -0.262126
3.08000 -0.265168
3.09000 -0.255244
3.10000 -0.247380
3.11000 -0.243217
3.12000 -0.235396
3.13000 -0.219276
3.14000 -0.210756
3.15000 -0.200175
3.16000 -0.192966
3.17000 -0.180346
3.18000 -0.162743
3.19000 -0.150592
3.20000 -0.139540
3.21000 -0.138570
3.22000 -0.133017
3.23000 -0.126918
3.24000 -0.116396
3.25000 -0.117393
3.26000 -0.109182
3.27000 -0.112244
3.28000 -0.113788
3.29000 -0.116847
3.30000 -0.124077
3.31000 -0.128086
3.32000 -0.127903
3.33000 -0.131446
3.34000 -0.129668
3.35000 -0.132603
3.36000 -0.133950
3.37000 -0.137900
3.38000 -0.133689
3.39000 -0.130387
3.40000 -0.128735
3.41000 -0.115318
3.42000 -0.103847
3.43000 -0.092786
3.44000 -0.082369
3.45000 -0.063414
3.46000 -0.048523
3.47000 -0.032164
3.48000 -0.013363
3.49000 0.015296
3.50000 0.030003
3.51000 0.052937
3.52000 0.072072
3.53000 0.093988
3.54000 0.116268
3.55000 0.136148
3.56000 0.145609
3.57000 0.162136
3.58000 0.179410
3.59000 0.188197
3.60000 0.203800
3.61000 0.213180
3.62000 0.217288
3.63000 0.219786
3.64000 0.218167
3.65000 0.220637
3.66000 0.222978
3.67000 0.217067
3.68000 0.221036
3.69000 0.212181
3.70000 0.209610
3.71000 0.207109
3.72000 0.197542
3.73000 0.195038
3.74000 0.196187
3.75000 0.192904
3.76000 0.182436
3.77000 0.184396
3.78000 0.181112
3.79000 0.177687
3.80000 0.178654
3.81000 0.177323
3.82000 0.182526
3.83000 0.186088
3.84000 0.188786
3.85000 0.188498
3.86000 0.198538
3.87000 0.202326
3.88000 0.206337
3.89000 0.208896
3.90000 0.213439
3.91000 0.220939
3.92000 0.222199
3.93000 0.227421
3.94000 0.223460
3.95000 0.231127
3.96000 0.226807
3.97000 0.227252
3.98000 0.224226
3.99000 0.225064
4.00000 0.219845
4.01000 0.215059
4.02000 0.215129
4.03000 0.209420
4.04000 0.204951
4.05000 0.195016
4.06000 0.188198
4.07000 0.175297
4.08000 0.172931
4.09000 0.159457
4.10000 0.147738
4.11000 0.140098
4.12000 0.123380
4.13000 0.119320
4.14000 0.108672
4.15000 0.090365
4.16000 0.077605
4.17000 0.067871
4.18000 0.056873
4.19000 0.043551
4.20000 0.030550
4.21000 0.018260
4.22000 0.005010
4.23000 0.000601
4.24000 -0.013254
4.25000 -0.023202
4.26000 -0.032002
4.27000 -0.049917
4.28000 -0.058171
4.29000 -0.061949
4.30000 -0.074380
4.31000 -0.079984
4.32000 -0.077433
4.33000 -0.087595
4.34000 -0.092165
4.35000 -0.088987
4.36000 -0.092086
4.37000 -0.094340
4.38000 -0.090262
4.39000 -0.092084
4.40000 -0.084469
4.41000 -0.082095
4.42000 -0.072981
4.43000 -0.063009
4.44000 -0.058930
4.45000 -0.043670
4.46000 -0.042090
4.47000 -0.020909
4.48000 -0.009166
4.49000 0.004705
4.50000 0.015191
4.51000 0.031994
4.52000 0.051920
4.53000 0.062130
4.54000 0.084517
4.55000 0.099250
4.56000 0.114008
4.57000 0.125323
4.58000 0.145545
4.59000 0.159392
4.60000 0.173713
4.61000 0.183726
4.62000 0.196107
4.63000 0.209589
4.64000 0.219429
4.65000 0.226883
4.66000 0.228138
4.67000 0.228213
4.68000 0.236260
4.69000 0.236618
4.70000 0.234115
4.71000 0.237948
4.72000 0.229068
4.73000 0.228190
4.74000 0.216797
4.75000 0.215283
4.76000 0.199539
4.77000 0.200241
4.78000 0.184875
4.79000 0.175903
4.80000 0.166532
4.81000 0.155664
4.82000 0.147429
4.83000 0.128848
4.84000 0.122093
4.85000 0.106860
4.86000 0.098137
4.87000 0.089227
4.88000 0.075547
4.89000 0.069894
4.90000 0.054517
4.91000 0.049049
4.92000 0.035273
4.93000 0.029747
4.94000 0.023290
4.95000 0.015096
4.96000 0.004048
4.97000 -0.001299
4.98000 -0.014594
4.99000 -0.020642
5.00000 -0.032236
5.01000 -0.041025
5.02000 -0.048343
5.03000 -0.056809
5.04000 -0.063029
5.05000 -0.067424
5.06000 -0.080519
5.07000 -0.086151
5.08000 -0.094930
5.09000 -0.101561
5.10000 -0.101000
5.11000 -0.111963
5.12000 -0.106679
5.13000 -0.116502
5.14000 -0.111546
5.15000 -0.116851
5.16000 -0.111887
5.17000 -0.109848
5.18000 -0.107447
5.19000 -0.102951
5.20000 -0.092030
5.21000 -0.091851
5.22000 -0.085378
5.23000 -0.076951
5.24000 -0.070816
5.25000 -0.055294
5.26000 -0.048416
5.27000 -0.038330
5.28000 -0.039492
5.29000 -0.025845
5.30000 -0.025996
5.31000 -0.016434
5.32000 -0.012843
5.33000 -0.005515
5.34000 -0.006713
5.35000 -0.012307
5.36000 -0.010525
5.37000 -0.013818
5.38000 -0.013536
5.39000 -0.018399
5.40000 -0.020705
5.41000 -0.025699
5.42000 -0.036709
5.43000 -0.042177
5.44000 -0.046630
5.45000 -0.055792
5.46000 -0.062740
5.47000 -0.072928
5.48000 -0.074811
5.49000 -0.080309
5.50000 -0.084801
5.51000 -0.091282
5.52000 -0.094352
5.53000 -0.093063
5.54000 -0.095104
5.55000 -0.099288
5.56000 -0.095088
5.57000 -0.089442
5.58000 -0.089800
5.59000 -0.090713
5.60000 -0.080344
5.61000 -0.081780
5.62000 -0.071345
5.63000 -0.067264
5.64000 -0.066615
5.65000 -0.059785
5.66000 -0.062784
5.67000 -0.051746
5.68000 -0.059119
5.69000 -0.056221
5.70000 -0.050200
5.71000 -0.051989
5.72000 -0.057970
5.73000 -0.062935
5.74000 -0.063321
5.75000 -0.064180
5.76000 -0.076087
5.77000 -0.074266
5.78000 -0.080529
5.79000 -0.084920
5.80000 -0.090350
5.81000 -0.102882
5.82000 -0.108288
5.83000 -0.103866
5.84000 -0.114201
5.85000 -0.116850
5.86000 -0.114627
5.87000 -0.114175
5.88000 -0.117293
5.89000 -0.108158
5.90000 -0.113009
5.91000 -0.104485
5.92000 -0.104617
5.93000 -0.095172
5.94000 -0.095919
5.95000 -0.081265
5.96000 -0.074311
5.97000 -0.069677
5.98000 -0.065769
5.99000 -0.055338
6.00000 -0.053005
6.01000 -0.038539
6.02000 -0.035218
6.03000 -0.032413
6.04000 -0.027519
6.05000 -0.014974
6.06000 -0.016248
6.07000 -0.005215
6.08000 -0.006908
6.09000 0.000525
6.10000 0.002714
6.11000 0.000723
6.12000 0.002416
6.13000 0.010446
6.14000 0.008799
6.15000 0.008703
6.16000 0.008058
6.17000 0.014821
6.18000 0.014173
6.19000 0.017294
6.20000 0.016787
6.21000 0.013043
6.22000 0.014902
6.23000 0.016347
6.24000 0.015488
6.25000 0.018203
6.26000 0.010781
6.27000 0.009514
6.28000 0.006395
6.29000 0.002312
6.30000 0.006496
6.31000 -0.002279
6.32000 -0.003429
6.33000 -0.003890
6.34000 -0.011806
6.35000 -0.023562
6.36000 -0.021379
6.37000 -0.028453
6.38000 -0.032852
6.39000 -0.041535
6.40000 -0.046833
6.41000 -0.049784
6.42000 -0.058610
6.43000 -0.061345
6.44000 -0.063958
6.45000 -0.070857
6.46000 -0.070176
6.47000 -0.067979
6.48000 -0.064639
6.49000 -0.065865
6.50000 -0.060225
6.51000 -0.051810
6.52000 -0.037331
6.53000 -0.030700
6.54000 -0.016263
6.55000 -0.004283
6.56000 0.004557
6.57000 0.022999
6.58000 0.034698
6.59000 0.056983
6.60000 0.067967
6.61000 0.082269
6.62000 0.101521
6.63000 0.111029
6.64000 0.125556
6.65000 0.136535
6.66000 0.144959
6.67000 0.156359
6.68000 0.165616
6.69000 0.172432
6.70000 0.170917
6.71000 0.176494
6.72000 0.179408
6.73000 0.176722
6.74000 0.178652
6.75000 0.167469
6.76000 0.161627
6.77000 0.162560
6.78000 0.150533
6.79000 0.145155
6.80000 0.142251
6.81000 0.128910
6.82000 0.126064
6.83000 0.122336
6.84000 0.111939
6.85000 0.107666
6.86000 0.105809
6.87000 0.101453
6.88000 0.097239
6.89000 0.088871
6.90000 0.093651
6.91000 0.094034
6.92000 0.095291
6.93000 0.102151
6.94000 0.101267
6.95000 0.105541
6.96000 0.113523
6.97000 0.116333
6.98000 0.128071
6.99000 0.132605
7.00000 0.143260
7.01000 0.149415
7.02000 0.160939
7.03000 0.167437
7.04000 0.179324
7.05000 0.187405
7.06000 0.191335
7.07000 0.202525
7.08000 0.207206
7.09000 0.217705
7.10000 0.219766
7.11000 0.227181
7.12000 0.224168
7.13000 0.223291
7.14000 0.225193
7.15000 0.233635
7.16000 0.229002
7.17000 0.221818
7.18000 0.228909
7.19000 0.218840
7.20000 0.212612
7.21000 0.206047
7.22000 0.199923
7.23000 0.195299
7.24000 0.187564
7.25000 0.173386
7.26000 0.172915
7.27000 0.160164
7.28000 0.144218
7.29000 0.140707
7.30000 0.123940
7.31000 0.110757
7.32000 0.104234
7.33000 0.091071
7.34000 0.072096
7.35000 0.060857
7.36000 0.053233
7.37000 0.039358
7.38000 0.026643
7.39000 0.021006
7.40000 0.006156
7.41000 0.002388
7.42000 -0.014006
7.43000 -0.019392
7.44000 -0.023645
7.45000 -0.028301
7.46000 -0.034818
7.47000 -0.045450
7.48000 -0.045929
7.49000 -0.050755
7.50000 -0.053590
7.51000 -0.050652
7.52000 -0.057079
7.53000 -0.052392
7.54000 -0.049811
7.55000 -0.053854
7.56000 -0.057731
7.57000 -0.058802
7.58000 -0.052977
7.59000 -0.055867
7.60000 -0.056807
7.61000 -0.052180
7.62000 -0.050085
7.63000 -0.059135
7.64000 -0.051736
7.65000 -0.056632
7.66000 -0.059423
7.67000 -0.058663
7.68000 -0.059165
7.69000 -0.055815
7.70000 -0.057011
7.71000 -0.057319
7.72000 -0.058680
7.73000 -0.066220
7.74000 -0.065089
7.75000 -0.061890
7.76000 -0.059766
7.77000 -0.059041
7.78000 -0.051216
7.79000 -0.056149
7.80000 -0.046645
7.81000 -0.043645
7.82000 -0.037896
7.83000 -0.032732
7.84000 -0.032124
7.85000 -0.021901
7.86000 -0.019373
7.87000 -0.015470
7.88000 -0.007424
7.89000 0.001664
7.90000 0.008617
7.91000 0.014669
7.92000 0.012860
7.93000 0.018577
7.94000 0.025307
7.95000 0.026417
7.96000 0.032327
7.97000 0.025653
7.98000 0.031637
7.99000 0.025125
8.00000 0.028623
8.01000 0.024961
8.02000 0.024561
8.03000 0.013507
8.04000 0.006332
8.05000 0.000095
8.06000 -0.003946
8.07000 -0.012707
8.08000 -0.015211
8.09000 -0.024019
8.10000 -0.030599
8.11000 -0.042598
8.12000 -0.057907
8.13000 -0.067745
8.14000 -0.071413
8.15000 -0.085908
8.16000 -0.088138
8.17000 -0.098636
8.18000 -0.104390
8.19000 -0.119325
8.20000 -0.128422
8.21000 -0.131305
8.22000 -0.138028
8.23000 -0.149250
8.24000 -0.157643
8.25000 -0.161155
8.26000 -0.161159
8.27000 -0.165579
8.28000 -0.168463
8.29000 -0.178708
8.30000 -0.174394
8.31000 -0.177219
8.32000 -0.182986
8.33000 -0.180338
8.34000 -0.176955
8.35000 -0.171489
8.36000 -0.170143
8.37000 -0.169208
8.38000 -0.166420
8.39000 -0.159910
8.40000 -0.146283
8.41000 -0.138668
8.42000 -0.133133
8.43000 -0.130973
8.44000 -0.124589
8.45000 -0.109967
8.46000 -0.105222
8.47000 -0.097380
8.48000 -0.090328
8.49000 -0.083098
8.50000 -0.076204
8.51000 -0.077456
8.52000 -0.073964
8.53000 -0.069464
8.54000 -0.067727
8.55000 -0.063532
8.56000 -0.063764
8.57000 -0.066873
8.58000 -0.074887
8.59000 -0.081277
8.60000 -0.080127
8.61000 -0.090492
8.62000 -0.100224
8.63000 -0.100596
8.64000 -0.117768
8.65000 -0.124466
8.66000 -0.139490
8.67000 -0.143657
8.68000 -0.156347
8.69000 -0.166839
8.70000 -0.180802
8.71000 -0.193882
8.72000 -0.207367
8.73000 -0.218165
8.74000 -0.228627
8.75000 -0.241051
8.76000 -0.248410
8.77000 -0.260057
8.78000 -0.269655
8.79000 -0.269503
8.80000 -0.277618
8.81000 -0.287521
8.82000 -0.289189
8.83000 -0.289304
8.84000 -0.286122
8.85000 -0.291885
8.86000 -0.288214
8.87000 -0.284928
8.88000 -0.284025
8.89000 -0.281350
8.90000 -0.269471
8.91000 -0.266629
8.92000 -0.254142
8.93000 -0.239474
8.94000 -0.228848
8.95000 -0.222975
8.96000 -0.204215
8.97000 -0.197921
8.98000 -0.174949
8.99000 -0.159984
9.00000 -0.149618
9.01000 -0.131920
9.02000 -0.110422
9.03000 -0.097296
9.04000 -0.079231
9.05000 -0.061583
9.06000 -0.046720
9.07000 -0.025184
9.08000 -0.006249
9.09000 0.004217
9.10000 0.018926
9.11000 0.035959
9.12000 0.044425
9.13000 0.065591
9.14000 0.066806
9.15000 0.075634
9.16000 0.089616
9.17000 0.091189
9.18000 0.101357
9.19000 0.102454
9.20000 0.102582
9.21000 0.101570
9.22000 0.102438
9.23000 0.097789
9.24000 0.091217
9.25000 0.082988
9.26000 0.077934
9.27000 0.068946
9.28000 0.058896
9.29000 0.046499
9.30000 0.033283
9.31000 0.029444
9.32000 0.012843
9.33000 -0.000084
9.34000 -0.006461
9.35000 -0.017807
9.36000 -0.025740
9.37000 -0.042206
9.38000 -0.050476
9.39000 -0.059376
9.40000 -0.060397
9.41000 -0.070537
9.42000 -0.077739
9.43000 -0.077610
9.44000 -0.084350
9.45000 -0.092480
9.46000 -0.098294
9.47000 -0.096295
9.48000 -0.100062
9.49000 -0.104165
9.50000 -0.098368
9.51000 -0.098677
9.52000 -0.103765
9.53000 -0.099821
9.54000 -0.103569
9.55000 -0.098457
9.56000 -0.099051
9.57000 -0.103868
9.58000 -0.095240
9.59000 -0.093601
9.60000 -0.097501
9.61000 -0.096367
9.62000 -0.099342
9.63000 -0.097705
9.64000 -0.091864
9.65000 -0.093742
9.66000 -0.090487
9.67000 -0.082455
9.68000 -0.082147
9.69000 -0.073536
9.70000 -0.069412
9.71000 -0.066438
9.72000 -0.064704
9.73000 -0.057908
9.74000 -0.055174
9.75000 -0.051626
9.76000 -0.040005
9.77000 -0.038295
9.78000 -0.030921
9.79000 -0.026347
9.80000 -0.022484
9.81000 -0.012128
9.82000 -0.004831
9.83000 -0.006017
9.84000 0.000690
9.85000 0.001631
9.86000 0.007342
9.87000 0.003747
9.88000 0.012610
9.89000 0.010843
9.90000 0.012542
9.91000 0.004352
9.92000 0.006359
9.93000 0.002865
9.94000 0.004698
9.95000 -0.000642
9.96000 0.001639
9.97000 -0.008998
9.98000 -0.005018
9.99000 -0.006897
10.00000 -0.010684
10.01000 -0.013410
10.02000 -0.023026
10.03000 -0.024475
10.04000 -0.024902
10.05000 -0.027863
10.06000 -0.028574
10.07000 -0.032978
10.08000 -0.034483
10.09000 -0.032939
10.10000 -0.027774
10.11000 -0.032423
10.12000 -0.035665
10.13000 -0.030252
10.14000 -0.030168
10.15000 -0.026965
10.16000 -0.022233
10.17000 -0.023446
10.18000 -0.017314
10.19000 -0.018059
10.20000 -0.017078
10.21000 -0.014620
10.22000 -0.002525
10.23000 -0.001356
10.24000 0.000765
10.25000 0.006759
10.26000 0.015494
10.27000 0.014580
10.28000 0.024980
10.29000 0.026942
10.30000 0.038005
10.31000 0.046065
10.32000 0.046936
10.33000 0.052813
10.34000 0.064326
10.35000 0.078631
10.36000 0.083519
10.37000 0.088202
10.38000 0.106726
10.39000 0.116233
10.40000 0.119814
10.41000 0.131112
10.42000 0.143265
10.43000 0.156991
10.44000 0.172262
10.45000 0.178365
10.46000 0.190242
10.47000 0.204581
10.48000 0.216288
10.49000 0.228345
10.50000 0.235956
10.51000 0.246840
10.52000 0.252104
10.53000 0.260391
10.54000 0.272607
10.55000 0.273983
10.56000 0.285100
10.57000 0.294727
10.58000 0.291146
10.59000 0.296941
10.60000 0.297366
10.61000 0.299396
10.62000 0.309646
10.63000 0.306768
10.64000 0.304011
10.65000 0.304037
10.66000 0.303696
10.67000 0.305732
10.68000 0.306210
10.69000 0.306423
10.70000 0.303421
10.71000 0.296075
10.72000 0.299774
10.73000 0.294224
10.74000 0.291595
10.75000 0.287201
10.76000 0.279373
10.77000 0.276225
10.78000 0.272564
10.79000 0.267232
10.80000 0.266173
10.81000 0.265211
10.82000 0.255810
10.83000 0.252789
10.84000 0.245215
10.85000 0.238999
10.86000 0.236753
10.87000 0.228917
10.88000 0.230138
10.89000 0.221983
10.90000 0.208096
10.91000 0.205786
10.92000 0.197410
10.93000 0.181860
10.94000 0.172367
10.95000 0.167623
10.96000 0.158073
10.97000 0.151164
10.98000 0.138694
10.99000 0.122051
11.00000 0.109910
11.01000 0.101346
11.02000 0.089649
11.03000 0.076939
11.04000 0.062186
11.05000 0.046334
11.06000 0.041411
11.07000 0.021294
11.08000 0.009507
11.09000 0.000880
11.10000 -0.013431
11.11000 -0.022093
11.12000 -0.034541
11.13000 -0.040497
11.14000 -0.057172
11.15000 -0.068623
11.16000 -0.075934
11.17000 -0.082303
11.18000 -0.087991
11.19000 -0.089638
11.20000 -0.095796
11.21000 -0.106600
11.22000 -0.109485
11.23000 -0.110706
11.24000 -0.105813
11.25000 -0.112935
11.26000 -0.115476
11.27000 -0.115929
11.28000 -0.113419
11.29000 -0.112389
11.30000 -0.111947
11.31000 -0.108727
11.32000 -0.100884
11.33000 -0.098125
11.34000 -0.098231
11.35000 -0.091186
11.36000 -0.095712
11.37000 -0.089256
11.38000 -0.093440
11.39000 -0.091355
11.40000 -0.086403
11.41000 -0.085659
11.42000 -0.086360
11.43000 -0.083174
11.44000 -0.091349
11.45000 -0.091422
11.46000 -0.095126
11.47000 -0.091128
11.48000 -0.094424
11.49000 -0.102226
11.50000 -0.104804
11.51000 -0.103433
11.52000 -0.106616
11.53000 -0.114204
11.54000 -0.120516
11.55000 -0.124794
11.56000 -0.119659
11.57000 -0.122497
11.58000 -0.126294
11.59000 -0.131253
11.60000 -0.130350
11.61000 -0.133863
11.62000 -0.132857
11.63000 -0.128579
11.64000 -0.120654
11.65000 -0.116528
11.66000 -0.117937
11.67000 -0.109778
11.68000 -0.100466
11.69000 -0.102729
11.70000 -0.094166
11.71000 -0.077050
11.72000 -0.076220
11.73000 -0.067903
11.74000 -0.051302
11.75000 -0.041262
11.76000 -0.030777
11.77000 -0.022950
11.78000 -0.006462
11.79000 0.003994
11.80000 0.008342
11.81000 0.024529
11.82000 0.034755
11.83000 0.045337
11.84000 0.049434
11.85000 0.057798
11.86000 0.071910
11.87000 0.072200
11.88000 0.081036
11.89000 0.087962
11.90000 0.097705
11.91000 0.100016
11.92000 0.101615
11.93000 0.107991
11.94000 0.116873
11.95000 0.115729
11.96000 0.114727
11.97000 0.114444
11.98000 0.120376
11.99000 0.125151
12.00000 0.121062
12.01000 0.122580
12.02000 0.120804
12.03000 0.118353
12.04000 0.120867
12.05000 0.115946
12.06000 0.116930
12.07000 0.116529
12.08000 0.112000
12.09000 0.114938
12.10000 0.120145
12.11000 0.118186
12.12000 0.115805
12.13000 0.115680
12.14000 0.110891
12.15000 0.110043
12.16000 0.119014
12.17000 0.112544
12.18000 0.119881
12.19000 0.116562
12.20000 0.119650
12.21000 0.110872
12.22000 0.115481
12.23000 0.112166
12.24000 0.116852
12.25000 0.116417
12.26000 0.112290
12.27000 0.105575
12.28000 0.108496
12.29000 0.104549
12.30000 0.104501
12.31000 0.101662
12.32000 0.091974
12.33000 0.088913
12.34000 0.083964
12.35000 0.081094
12.36000 0.081780
12.37000 0.070754
12.38000 0.065468
12.39000 0.061076
12.40000 0.053979
12.41000 0.053123
12.42000 0.048671
12.43000 0.043916
12.44000 0.039996
12.45000 0.031717
12.46000 0.027691
12.47000 0.021893
12.48000 0.025419
12.49000 0.016827
12.50000 0.022145
12.51000 0.018667
12.52000 0.014459
12.53000 0.013756
12.54000 0.018600
12.55000 0.023064
12.56000 0.022786
12.57000 0.022922
12.58000 0.021612
12.59000 0.024648
12.60000 0.028375
12.61000 0.038285
12.62000 0.042908
12.63000 0.039966
12.64000 0.042712
12.65000 0.053263
12.66000 0.049980
12.67000 0.055595
12.68000 0.064321
12.69000 0.066680
12.70000 0.071067
12.71000 0.076384
12.72000 0.078297
12.73000 0.074878
12.74000 0.083771
12.75000 0.078560
12.76000 0.080068
12.77000 0.076198
12.78000 0.074348
12.79000 0.078028
12.80000 0.078384
12.81000 0.068062
12.82000 0.072669
12.83000 0.064735
12.84000 0.062526
12.85000 0.055865
12.86000 0.051770
12.87000 0.040322
12.88000 0.030990
12.89000 0.026683
12.90000 0.020299
12.91000 0.015476
12.92000 -0.000164
12.93000 -0.000149
12.94000 -0.008996
12.95000 -0.022197
12.96000 -0.025597
12.97000 -0.033518
12.98000 -0.048834
12.99000 -0.058183
13.00000 -0.059925
13.01000 -0.072251
13.02000 -0.079075
13.03000 -0.085427
13.04000 -0.089201
13.05000 -0.095719
13.06000 -0.094533
13.07000 -0.094759
13.08000 -0.107689
13.09000 -0.103488
13.10000 -0.109616
13.11000 -0.110949
13.12000 -0.115570
13.13000 -0.113859
13.14000 -0.112604
13.15000 -0.109097
13.16000 -0.112516
13.17000 -0.114516
13.18000 -0.113915
13.19000 -0.110098
13.20000 -0.108823
13.21000 -0.106265
13.22000 -0.110889
13.23000 -0.111056
13.24000 -0.115086
13.25000 -0.114146
13.26000 -0.110380
13.27000 -0.114877
13.28000 -0.112507
13.29000 -0.111442
13.30000 -0.114064
13.31000 -0.117235
13.32000 -0.116783
13.33000 -0.124035
13.34000 -0.126578
13.35000 -0.126445
13.36000 -0.133953
13.37000 -0.132024
13.38000 -0.133305
13.39000 -0.138834
13.40000 -0.144417
13.41000 -0.148175
13.42000 -0.145101
13.43000 -0.150445
13.44000 -0.147009
13.45000 -0.148186
13.46000 -0.151817
13.47000 -0.152578
13.48000 -0.150750
13.49000 -0.150790
13.50000 -0.141238
13.51000 -0.139118
13.52000 -0.145548
13.53000 -0.133463
13.54000 -0.135554
13.55000 -0.132061
13.56000 -0.123579
13.57000 -0.125298
13.58000 -0.119235
13.59000 -0.114688
13.60000 -0.108024
13.61000 -0.105169
13.62000 -0.099439
13.63000 -0.093869
13.64000 -0.091120
13.65000 -0.088944
13.66000 -0.084139
13.67000 -0.085140
13.68000 -0.077777
13.69000 -0.079424
13.70000 -0.066741
13.71000 -0.067336
13.72000 -0.066282
13.73000 -0.060314
13.74000 -0.062137
13.75000 -0.062255
13.76000 -0.060862
13.77000 -0.050831
13.78000 -0.053875
13.79000 -0.055139
13.80000 -0.047973
13.81000 -0.050155
13.82000 -0.050724
13.83000 -0.048328
13.84000 -0.046835
13.85000 -0.046791
13.86000 -0.052252
13.87000 -0.047872
13.88000 -0.050479
13.89000 -0.048175
13.90000 -0.049690
13.91000 -0.051228
13.92000 -0.047868
13.93000 -0.051902
13.94000 -0.053943
13.95000 -0.049072
13.96000 -0.047748
13.97000 -0.043877
13.98000 -0.046061
13.99000 -0.051109
14.00000 -0.042963
14.01000 -0.049933
14.02000 -0.043661
14.03000 -0.040453
14.04000 -0.042854
14.05000 -0.038292
14.06000 -0.034810
14.07000 -0.033284
14.08000 -0.032168
14.09000 -0.020147
14.10000 -0.016472
14.11000 -0.016741
14.12000 -0.004806
14.13000 -0.000234
14.14000 -0.000292
14.15000 0.007996
14.16000 0.011483
14.17000 0.023629
14.18000 0.023820
14.19000 0.036164
14.20000 0.042060
14.21000 0.046005
14.22000 0.057629
14.23000 0.061426
14.24000 0.072412
14.25000 0.077482
14.26000 0.088750
14.27000 0.097993
14.28000 0.100989
14.29000 0.112084
14.30000 0.123402
14.31000 0.124109
14.32000 0.139350
14.33000 0.145626
14.34000 0.146817
14.35000 0.157385
14.36000 0.165489
14.37000 0.169456
14.38000 0.177415
14.39000 0.182395
14.40000 0.190610
14.41000 0.192487
14.42000 0.196632
14.43000 0.191995
14.44000 0.199096
14.45000 0.194594
14.46000 0.191414
14.47000 0.195598
14.48000 0.191587
14.49000 0.185939
14.50000 0.179518
14.51000 0.172772
14.52000 0.160025
14.53000 0.158554
14.54000 0.142006
14.55000 0.130340
14.56000 0.115446
14.57000 0.105117
14.58000 0.086558
14.59000 0.077933
14.60000 0.056550
14.61000 0.043575
14.62000 0.023611
14.63000 0.011676
14.64000 -0.001692
14.65000 -0.022673
14.66000 -0.036302
14.67000 -0.051768
14.68000 -0.062933
14.69000 -0.081086
14.70000 -0.098971
14.71000 -0.114093
14.72000 -0.121490
14.73000 -0.128159
14.74000 -0.141000
14.75000 -0.152153
14.76000 -0.162221
14.77000 -0.169641
14.78000 -0.173429
14.79000 -0.179744
14.80000 -0.183254
14.81000 -0.189103
14.82000 -0.196992
14.83000 -0.198713
14.84000 -0.200905
14.85000 -0.208014
14.86000 -0.203682
14.87000 -0.207205
14.88000 -0.199544
14.89000 -0.199167
14.90000 -0.198180
14.91000 -0.205349
14.92000 -0.201086
14.93000 -0.191766
14.94000 -0.191341
14.95000 -0.186661
14.96000 -0.186175
14.97000 -0.176294
14.98000 -0.174954
14.99000 -0.171207
15.00000 -0.158332
15.01000 -0.153089
15.02000 -0.145673
15.03000 -0.128175
15.04000 -0.122727
15.05000 -0.111808
15.06000 -0.095825
15.07000 -0.090403
15.08000 -0.075731
15.09000 -0.060747
15.10000 -0.050907
15.11000 -0.034404
15.12000 -0.017398
15.13000 0.000897
15.14000 0.008927
15.15000 0.026554
15.16000 0.042754
15.17000 0.049144
15.18000 0.065489
15.19000 0.073708
15.20000 0.092234
15.21000 0.095814
15.22000 0.111290
15.23000 0.119911
15.24000 0.121130
15.25000 0.126004
15.26000 0.139203
15.27000 0.141518
15.28000 0.139233
15.29000 0.138093
15.30000 0.139903
15.31000 0.136978
15.32000 0.131463
15.33000 0.131383
15.34000 0.128848
15.35000 0.118963
15.36000 0.107986
15.37000 0.106165
15.38000 0.095936
15.39000 0.085378
15.40000 0.079886
15.41000 0.060020
15.42000 0.052572
15.43000 0.038848
15.44000 0.034544
15.45000 0.021655
15.46000 0.003482
15.47000 -0.009400
15.48000 -0.022900
15.49000 -0.033380
15.50000 -0.042813
15.51000 -0.048833
15.52000 -0.061959
15.53000 -0.069998
15.54000 -0.083133
15.55000 -0.089977
15.56000 -0.102448
15.57000 -0.107352
15.58000 -0.111862
15.59000 -0.123566
15.60000 -0.125661
15.61000 -0.126887
15.62000 -0.135722
15.63000 -0.135601
15.64000 -0.141427
15.65000 -0.138021
15.66000 -0.138277
15.67000 -0.135333
15.68000 -0.141755
15.69000 -0.136805
15.70000 -0.130583
15.71000 -0.128470
15.72000 -0.123050
15.73000 -0.120891
15.74000 -0.122318
15.75000 -0.115246
15.76000 -0.112413
15.77000 -0.103211
15.78000 -0.100153
15.79000 -0.088661
15.80000 -0.084256
15.81000 -0.079154
15.82000 -0.069121
15.83000 -0.069365
15.84000 -0.056836
15.85000 -0.051371
15.86000 -0.053063
15.87000 -0.039802
15.88000 -0.041831
15.89000 -0.029696
15.90000 -0.031175
15.91000 -0.028986
15.92000 -0.025075
15.93000 -0.019804
15.94000 -0.009989
15.95000 -0.012943
15.96000 -0.003705
15.97000 -0.001908
15.98000 0.001451
15.99000 -0.000232
16.00000 0.005372
16.01000 0.007140
16.02000 0.008821
16.03000 0.008288
16.04000 0.007948
16.05000 0.014487
16.06000 0.011900
16.07000 0.015291
16.08000 0.015519
16.09000 0.018148
16.10000 0.012927
16.11000 0.014178
16.12000 0.023176
16.13000 0.021020
16.14000 0.024284
16.15000 0.023280
16.16000 0.021477
16.17000 0.026527
16.18000 0.022974
16.19000 0.031492
16.20000 0.027204
16.21000 0.034116
16.22000 0.037956
16.23000 0.042260
16.24000 0.039252
16.25000 0.046990
16.26000 0.054446
16.27000 0.058174
16.28000 0.064957
16.29000 0.066502
16.30000 0.073293
16.31000 0.079409
16.32000 0.077720
16.33000 0.083618
16.34000 0.089963
16.35000 0.101473
16.36000 0.105481
16.37000 0.108990
16.38000 0.116515
16.39000 0.119779
16.40000 0.120697
16.41000 0.127492
16.42000 0.129192
16.43000 0.127600
16.44000 0.136512
16.45000 0.131251
16.46000 0.141054
16.47000 0.138517
16.48000 0.140520
16.49000 0.134722
16.50000 0.136422
16.51000 0.132314
16.52000 0.128698
16.53000 0.117959
16.54000 0.117127
16.55000 0.109473
16.56000 0.101008
16.57000 0.098469
16.58000 0.089651
16.59000 0.083359
16.60000 0.072256
16.61000 0.056659
16.62000 0.046507
16.63000 0.042346
16.64000 0.029267
16.65000 0.016521
16.66000 0.011677
16.67000 -0.003122
16.68000 -0.012272
16.69000 -0.020321
16.70000 -0.029910
16.71000 -0.038264
16.72000 -0.054171
16.73000 -0.061584
16.74000 -0.065398
16.75000 -0.069308
16.76000 -0.081753
16.77000 -0.083651
16.78000 -0.088714
16.79000 -0.091501
16.80000 -0.103354
16.81000 -0.096323
16.82000 -0.105690
16.83000 -0.101789
16.84000 -0.094997
16.85000 -0.100649
16.86000 -0.088333
16.87000 -0.084055
16.88000 -0.083800
16.89000 -0.075572
16.90000 -0.062877
16.91000 -0.052402
16.92000 -0.041703
16.93000 -0.025670
16.94000 -0.018645
16.95000 -0.006350
16.96000 0.009756
16.97000 0.024575
16.98000 0.039962
16.99000 0.056709
17.00000 0.070682
17.01000 0.083687
17.02000 0.098075
17.03000 0.112964
17.04000 0.126644
17.05000 0.141557
17.06000 0.160002
17.07000 0.168417
17.08000 0.172320
17.09000 0.184440
17.10000 0.186840
17.11000 0.193383
17.12000 0.202703
17.13000 0.203018
17.14000 0.207060
17.15000 0.204583
17.16000 0.205867
17.17000 0.200773
17.18000 0.188770
17.19000 0.190269
17.20000 0.186205
17.21000 0.173346
17.22000 0.165206
17.23000 0.159970
17.24000 0.151859
17.25000 0.134317
17.26000 0.128178
17.27000 0.119216
17.28000 0.105928
17.29000 0.099007
17.30000 0.087350
17.31000 0.073232
17.32000 0.061553
17.33000 0.054921
17.34000 0.046958
17.35000 0.036258
17.36000 0.024517
17.37000 0.017805
17.38000 0.006104
17.39000 0.007169
17.40000 -0.009059
17.41000 -0.015417
17.42000 -0.019217
17.43000 -0.021323
17.44000 -0.031347
17.45000 -0.036979
17.46000 -0.045365
17.47000 -0.053165
17.48000 -0.053794
17.49000 -0.062181
17.50000 -0.070717
17.51000 -0.069148
17.52000 -0.078429
17.53000 -0.085630
17.54000 -0.085556
17.55000 -0.089218
17.56000 -0.094763
17.57000 -0.104494
17.58000 -0.105360
17.59000 -0.118304
17.60000 -0.118342
17.61000 -0.120482
17.62000 -0.124295
17.63000 -0.133426
17.64000 -0.141044
17.65000 -0.144769
17.66000 -0.149790
17.67000 -0.144564
17.68000 -0.153521
17.69000 -0.151187
17.70000 -0.155129
17.71000 -0.163501
17.72000 -0.159255
17.73000 -0.167968
17.74000 -0.163294
17.75000 -0.167566
17.76000 -0.160528
17.77000 -0.167604
17.78000 -0.168894
17.79000 -0.164783
17.80000 -0.158061
17.81000 -0.159293
17.82000 -0.158551
17.83000 -0.157714
17.84000 -0.155038
17.85000 -0.149727
17.86000 -0.142754
17.87000 -0.138197
17.88000 -0.137015
17.89000 -0.123234
17.90000 -0.126195
17.91000 -0.120353
17.92000 -0.113800
17.93000 -0.099911
17.94000 -0.094380
17.95000 -0.089751
17.96000 -0.082684
17.97000 -0.069798
17.98000 -0.068710
17.99000 -0.055706
18.00000 -0.049412
18.01000 -0.038867
18.02000 -0.034973
18.03000 -0.034390
18.04000 -0.019702
18.05000 -0.019958
18.06000 -0.009097
18.07000 -0.009519
18.08000 -0.004031
18.09000 0.006811
18.10000 0.010685
18.11000 0.014004
18.12000 0.010417
18.13000 0.015524
18.14000 0.020042
18.15000 0.017270
18.16000 0.025564
18.17000 0.018233
18.18000 0.021388
18.19000 0.026711
18.20000 0.027030
18.21000 0.032852
18.22000 0.030982
18.23000 0.034265
18.24000 0.033750
18.25000 0.037325
18.26000 0.035819
18.27000 0.038675
18.28000 0.051985
18.29000 0.052046
18.30000 0.052655
18.31000 0.063908
18.32000 0.070601
18.33000 0.079232
18.34000 0.083608
18.35000 0.093995
18.36000 0.100039
18.37000 0.111139
18.38000 0.113687
18.39000 0.124657
18.40000 0.140383
18.41000 0.143628
18.42000 0.158116
18.43000 0.168152
18.44000 0.177831
18.45000 0.184350
18.46000 0.197289
18.47000 0.203823
18.48000 0.208902
18.49000 0.215479
18.50000 0.222246
18.51000 0.235305
18.52000 0.240340
18.53000 0.246103
18.54000 0.245095
18.55000 0.246966
18.56000 0.249680
18.57000 0.254174
18.58000 0.259832
18.59000 0.260476
18.60000 0.254402
18.61000 0.247480
18.62000 0.253881
18.63000 0.245424
18.64000 0.240806
18.65000 0.234017
18.66000 0.231548
18.67000 0.221191
18.68000 0.219317
18.69000 0.202998
18.70000 0.197100
18.71000 0.191903
18.72000 0.185375
18.73000 0.172848
18.74000 0.161780
18.75000 0.148113
18.76000 0.142208
18.77000 0.132729
18.78000 0.127713
18.79000 0.116110
18.80000 0.111154
18.81000 0.096610
18.82000 0.096939
18.83000 0.080773
18.84000 0.076835
18.85000 0.075705
18.86000 0.063682
18.87000 0.057215
18.88000 0.057119
18.89000 0.054082
18.90000 0.040879
18.91000 0.036280
18.92000 0.040256
18.93000 0.030150
18.94000 0.027660
18.95000 0.024841
18.96000 0.025857
18.97000 0.023619
18.98000 0.014323
18.99000 0.013037
19.00000 0.010536
19.01000 0.010254
19.02000 0.006836
19.03000 -0.005565
19.04000 -0.006348
19.05000 -0.011879
19.06000 -0.011035
19.07000 -0.018501
19.08000 -0.022164
19.09000 -0.030901
19.10000 -0.036299
19.11000 -0.043222
19.12000 -0.052259
19.13000 -0.060366
19.14000 -0.066453
19.15000 -0.073769
19.16000 -0.079849
19.17000 -0.087690
19.18000 -0.091004
19.19000 -0.104511
19.20000 -0.103769
19.21000 -0.110890
19.22000 -0.121746
19.23000 -0.126653
19.24000 -0.137964
19.25000 -0.143550
19.26000 -0.150461
19.27000 -0.159110
19.28000 -0.159906
19.29000 -0.168805
19.30000 -0.175428
19.31000 -0.182033
19.32000 -0.188337
19.33000 -0.192877
19.34000 -0.197022
19.35000 -0.196734
19.36000 -0.200439
19.37000 -0.202426
19.38000 -0.210719
19.39000 -0.209207
19.40000 -0.215679
19.41000 -0.210947
19.42000 -0.217107
19.43000 -0.215111
19.44000 -0.210055
19.45000 -0.218050
19.46000 -0.213977
19.47000 -0.207045
19.48000 -0.209592
19.49000 -0.202763
19.50000 -0.197200
19.51000 -0.200850
19.52000 -0.194538
19.53000 -0.184998
19.54000 -0.183956
19.55000 -0.173908
19.56000 -0.173895
19.57000 -0.169604
19.58000 -0.162622
19.59000 -0.155417
19.60000 -0.149376
19.61000 -0.142830
19.62000 -0.135708
19.63000 -0.123583
19.64000 -0.117759
19.65000 -0.116404
19.66000 -0.108165
19.67000 -0.097601
19.68000 -0.089966
19.69000 -0.086965
19.70000 -0.078718
19.71000 -0.076251
19.72000 -0.065493
19.73000 -0.063531
19.74000 -0.062651
19.75000 -0.050063
19.76000 -0.048886
19.77000 -0.039447
19.78000 -0.032272
19.79000 -0.030410
19.80000 -0.025285
19.81000 -0.019537
19.82000 -0.018339
19.83000 -0.006200
19.84000 -0.006970
19.85000 0.006443
19.86000 0.007089
19.87000 0.017789
19.88000 0.021696
19.89000 0.030144
19.90000 0.037811
19.91000 0.046024
19.92000 0.060240
19.93000 0.065669
19.94000 0.071537
19.95000 0.085704
19.96000 0.091964
19.97000 0.108671
19.98000 0.111514
19.99000 0.120440
20.00000 0.130499
20.01000 0.140325
20.02000 0.153775
20.03000 0.161381
20.04000 0.173522
20.05000 0.178172
20.06000 0.183089
20.07000 0.190463
20.08000 0.197553
20.09000 0.206969
20.10000 0.210247
20.11000 0.212252
20.12000 0.216692
20.13000 0.225273
20.14000 0.220946
20.15000 0.227323
20.16000 0.227222
20.17000 0.219675
20.18000 0.223406
20.19000 0.220486
20.20000 0.215916
20.21000 0.206878
20.22000 0.203918
20.23000 0.191196
20.24000 0.188774
20.25000 0.172310
20.26000 0.165261
20.27000 0.152246
20.28000 0.144414
20.29000 0.132171
20.30000 0.123994
20.31000 0.106357
20.32000 0.101567
20.33000 0.080567
20.34000 0.074968
20.35000 0.060099
20.36000 0.044658
20.37000 0.035462
20.38000 0.018800
20.39000 0.005857
20.40000 -0.004560
20.41000 -0.012730
20.42000 -0.022282
20.43000 -0.038075
20.44000 -0.046152
20.45000 -0.048816
20.46000 -0.058496
20.47000 -0.070669
20.48000 -0.079619
20.49000 -0.087813
20.50000 -0.085595
20.51000 -0.094879
20.52000 -0.098766
20.53000 -0.102305
20.54000 -0.104973
20.55000 -0.107418
20.56000 -0.105811
20.57000 -0.108266
20.58000 -0.107610
20.59000 -0.115133
20.60000 -0.112427
20.61000 -0.110283
20.62000 -0.106729
20.63000 -0.108970
20.64000 -0.099098
20.65000 -0.101121
20.66000 -0.103240
20.67000 -0.100427
20.68000 -0.091783
20.69000 -0.087600
20.70000 -0.083832
20.71000 -0.086701
20.72000 -0.079572
20.73000 -0.073256
20.74000 -0.067618
20.75000 -0.069093
20.76000 -0.066773
20.77000 -0.062702
20.78000 -0.058551
20.79000 -0.050219
20.80000 -0.055115
20.81000 -0.050172
20.82000 -0.041616
20.83000 -0.045845
20.84000 -0.043381
20.85000 -0.039760
20.86000 -0.037144
20.87000 -0.026691
20.88000 -0.025231
20.89000 -0.026831
20.90000 -0.023275
20.91000 -0.024119
20.92000 -0.024723
20.93000 -0.018517
20.94000 -0.019706
20.95000 -0.023593
20.96000 -0.017069
20.97000 -0.020854
20.98000 -0.018389
20.99000 -0.019969
21.00000 -0.024894
21.01000 -0.020919
21.02000 -0.025895
21.03000 -0.021347
21.04000 -0.021259
21.05000 -0.032158
21.06000 -0.025039
21.07000 -0.031860
21.08000 -0.031590
21.09000 -0.040378
21.10000 -0.036581
21.11000 -0.039032
21.12000 -0.042091
21.13000 -0.050913
21.14000 -0.047672
21.15000 -0.050245
21.16000 -0.055179
21.17000 -0.059554
21.18000 -0.062559
21.19000 -0.058495
21.20000 -0.067545
21.21000 -0.073004
21.22000 -0.069187
21.23000 -0.068166
21.24000 -0.079399
21.25000 -0.077483
21.26000 -0.079046
21.27000 -0.081432
21.28000 -0.079638
21.29000 -0.080164
21.30000 -0.083872
21.31000 -0.077598
21.32000 -0.079910
21.33000 -0.076948
21.34000 -0.074260
21.35000 -0.078105
21.36000 -0.078113
21.37000 -0.075780
21.38000 -0.067686
21.39000 -0.060748
21.40000 -0.061497
21.41000 -0.054900
21.42000 -0.050053
21.43000 -0.047850
21.44000 -0.044017
21.45000 -0.034759
21.46000 -0.035806
21.47000 -0.021276
21.48000 -0.015449
21.49000 -0.016967
21.50000 -0.004339
21.51000 -0.002786
21.52000 0.005690
21.53000 0.020964
21.54000 0.027298
21.55000 0.028995
21.56000 0.039395
21.57000 0.050047
21.58000 0.057780
21.59000 0.062132
21.60000 0.069474
21.61000 0.081073
21.62000 0.086183
21.63000 0.095872
21.64000 0.102077
21.65000 0.103393
21.66000 0.112640
21.67000 0.120316
21.68000 0.119890
21.69000 0.126707
21.70000 0.130822
21.71000 0.137362
21.72000 0.137701
21.73000 0.145648
21.74000 0.144630
21.75000 0.141984
21.76000 0.147028
21.77000 0.145044
21.78000 0.144530
21.79000 0.136916
21.80000 0.138869
21.81000 0.136114
21.82000 0.130102
21.83000 0.124370
21.84000 0.121817
21.85000 0.111780
21.86000 0.110413
21.87000 0.106154
21.88000 0.094301
21.89000 0.096327
21.90000 0.083285
21.91000 0.084244
21.92000 0.071941
21.93000 0.064124
21.94000 0.058318
21.95000 0.058829
21.96000 0.053377
21.97000 0.041855
21.98000 0.045249
21.99000 0.034491
22.00000 0.061566
22.01000 0.058104
22.02000 0.055134
22.03000 0.052666
22.04000 0.050710
22.05000 0.049268
22.06000 0.048385
22.07000 0.048021
22.08000 0.048139
22.09000 0.048716
22.10000 0.049725
22.11000 0.051156
22.12000 0.052970
22.13000 0.055095
22.14000 0.057483
22.15000 0.060086
22.16000 0.062852
22.17000 0.065726
22.18000 0.068634
22.19000 0.071518
22.20000 0.074316
22.21000 0.076971
22.22000 0.079388
22.23000 0.081530
22.24000 0.083342
22.25000 0.084773
22.26000 0.085773
22.27000 0.086249
22.28000 0.086182
22.29000 0.085558
22.30000 0.084350
22.31000 0.082538
22.32000 0.080067
22.33000 0.076922
22.34000 0.073151
22.35000 0.068763
22.36000 0.063772
22.37000 0.058187
22.38000 0.051994
22.39000 0.045295
22.40000 0.038130
22.41000 0.030547
22.42000 0.022595
22.43000 0.014294
22.44000 0.005747
22.45000 -0.002988
22.46000 -0.011851
22.47000 -0.020786
22.48000 -0.029732
22.49000 -0.038627
22.50000 -0.047421
22.51000 -0.056068
22.52000 -0.064527
22.53000 -0.072745
22.54000 -0.080684
22.55000 -0.088337
22.56000 -0.095686
22.57000 -0.102718
22.58000 -0.109417
22.59000 -0.115753
22.60000 -0.121767
22.61000 -0.127464
22.62000 -0.132855
22.63000 -0.137953
22.64000 -0.142737
22.65000 -0.147258
22.66000 -0.151532
22.67000 -0.155574
22.68000 -0.159394
22.69000 -0.162984
22.70000 -0.166361
22.71000 -0.169538
22.72000 -0.172512
22.73000 -0.175279
22.74000 -0.177815
22.75000 -0.180101
22.76000 -0.182138
22.77000 -0.183904
22.78000 -0.185378
22.79000 -0.186526
22.80000 -0.187289
22.81000 -0.187677
22.82000 -0.187665
22.83000 -0.187230
22.84000 -0.186350
22.85000 -0.184943
22.86000 -0.183051
22.87000 -0.180669
22.88000 -0.177791
22.89000 -0.174421
22.90000 -0.170518
22.91000 -0.166124
22.92000 -0.161280
22.93000 -0.156011
22.94000 -0.150348
22.95000 -0.144308
22.96000 -0.137932
22.97000 -0.131292
22.98000 -0.124436
22.99000 -0.117412
23.00000 -0.110270
23.01000 -0.103063
23.02000 -0.095852
23.03000 -0.088688
23.04000 -0.081616
23.05000 -0.074680
23.06000 -0.067951
23.07000 -0.061447
23.08000 -0.055198
23.09000 -0.049233
23.10000 -0.043575
23.11000 -0.038275
23.12000 -0.033333
23.13000 -0.028743
23.14000 -0.024512
23.15000 -0.020641
23.16000 -0.017151
23.17000 -0.014042
23.18000 -0.011281
23.19000 -0.008858
23.20000 -0.006765
23.21000 -0.004998
23.22000 -0.003569
23.23000 -0.002432
23.24000 -0.001574
23.25000 -0.000983
23.26000 -0.000645
23.27000 -0.000579
23.28000 -0.000740
23.29000 -0.001115
23.30000 -0.001689
23.31000 -0.002449
23.32000 -0.003395
23.33000 -0.004501
23.34000 -0.005742
23.35000 -0.007102
23.36000 -0.008560
23.37000 -0.010101
23.38000 -0.011699
23.39000 -0.013326
23.40000 -0.014957
23.41000 -0.016569
23.42000 -0.018134
23.43000 -0.019616
23.44000 -0.020998
23.45000 -0.022255
23.46000 -0.023364
23.47000 -0.024304
23.48000 -0.025030
23.49000 -0.025547
23.50000 -0.025843
23.51000 -0.025910
23.52000 -0.025740
23.53000 -0.025310
23.54000 -0.024634
23.55000 -0.023727
23.56000 -0.022598
23.57000 -0.021262
23.58000 -0.019721
23.59000 -0.017995
23.60000 -0.016118
23.61000 -0.014112
23.62000 -0.012001
23.63000 -0.009805
23.64000 -0.007546
23.65000 -0.005254
23.66000 -0.002949
23.67000 -0.000650
23.68000 0.001628
23.69000 0.003863
23.70000 0.006049
23.71000 0.008179
23.72000 0.010247
23.73000 0.012252
23.74000 0.014188
23.75000 0.016062
23.76000 0.017881
23.77000 0.019651
23.78000 0.021379
23.79000 0.023071
23.80000 0.024735
23.81000 0.026381
23.82000 0.028012
23.83000 0.029634
23.84000 0.031248
23.85000 0.032853
23.86000 0.034449
23.87000 0.036030
23.88000 0.037591
23.89000 0.039124
23.90000 0.040613
23.91000 0.042050
23.92000 0.043426
23.93000 0.044730
23.94000 0.045952
23.95000 0.047073
23.96000 0.048092
23.97000 0.049008
23.98000 0.049821
23.99000 0.050535
24.00000 0.051150
24.01000 0.051678
24.02000 0.052143
24.03000 0.052563
24.04000 0.052964
24.05000 0.053371
24.06000 0.053823
24.07000 0.054349
24.08000 0.054984
24.09000 0.055760
24.10000 0.056711
24.11000 0.057897
24.12000 0.059327
24.13000 0.061021
24.14000 0.062998
24.15000 0.065272
24.16000 0.067878
24.17000 0.070800
24.18000 0.074015
24.19000 0.077504
24.20000 0.081241
24.21000 0.085203
24.22000 0.089343
24.23000 0.093593
24.24000 0.097898
24.25000 0.102193
24.26000 0.106408
24.27000 0.110448
24.28000 0.114251
24.29000 0.117743
24.30000 0.120851
24.31000 0.123507
24.32000 0.125568
24.33000 0.127029
24.34000 0.127844
24.35000 0.127966
24.36000 0.127359
24.37000 0.125924
24.38000 0.123682
24.39000 0.120661
24.40000 0.116870
24.41000 0.112327
24.42000 0.107019
24.43000 0.100980
24.44000 0.094318
24.45000 0.087089
24.46000 0.079361
24.47000 0.071198
24.48000 0.062658
24.49000 0.053869
24.50000 0.044917
24.51000 0.035887
24.52000 0.026864
24.53000 0.017954
24.54000 0.009237
24.55000 0.000787
24.56000 -0.007323
24.57000 -0.015027
24.58000 -0.022217
24.59000 -0.028854
24.60000 -0.034916
24.61000 -0.040365
24.62000 -0.045172
24.63000 -0.049276
24.64000 -0.052644
24.65000 -0.055322
24.66000 -0.057314
24.67000 -0.058623
24.68000 -0.059246
24.69000 -0.059145
24.70000 -0.058417
24.71000 -0.057091
24.72000 -0.055196
24.73000 -0.052765
24.74000 -0.049775
24.75000 -0.046326
24.76000 -0.042463
24.77000 -0.038228
24.78000 -0.033662
24.79000 -0.028786
24.80000 -0.023664
24.81000 -0.018350
24.82000 -0.012888
24.83000 -0.007323
24.84000 -0.001695
24.85000 0.003945
24.86000 0.009552
24.87000 0.015085
24.88000 0.020503
24.89000 0.025765
24.90000 0.030810
24.91000 0.035621
24.92000 0.040167
24.93000 0.044415
24.94000 0.048339
24.95000 0.051865
24.96000 0.055010
24.97000 0.057759
24.98000 0.060098
24.99000 0.062015
25.00000 0.063463
25.01000 0.064459
25.02000 0.065024
25.03000 0.065163
25.04000 0.064885
25.05000 0.064181
25.06000 0.063059
25.07000 0.061573
25.08000 0.059745
25.09000 0.057600
25.10000 0.055159
25.11000 0.052430
25.12000 0.049477
25.13000 0.046330
25.14000 0.043019
25.15000 0.039576
25.16000 0.036021
25.17000 0.032399
25.18000 0.028739
25.19000 0.025066
25.20000 0.021406
25.21000 0.017785
25.22000 0.014227
25.23000 0.010747
25.24000 0.007362
25.25000 0.004085
25.26000 0.000936
25.27000 -0.002070
25.28000 -0.004934
25.29000 -0.007650
25.30000 -0.010210
25.31000 -0.012608
25.32000 -0.014822
25.33000 -0.016869
25.34000 -0.018746
25.35000 -0.020451
25.36000 -0.021980
25.37000 -0.023311
25.38000 -0.024460
25.39000 -0.025430
25.40000 -0.026218
25.41000 -0.026823
25.42000 -0.027230
25.43000 -0.027445
25.44000 -0.027479
25.45000 -0.027334
25.46000 -0.027013
25.47000 -0.026511
25.48000 -0.025831
25.49000 -0.024995
25.50000 -0.024012
25.51000 -0.022894
25.52000 -0.021651
25.53000 -0.020290
25.54000 -0.018843
25.55000 -0.017327
25.56000 -0.015764
25.57000 -0.014174
25.58000 -0.012582
25.59000 -0.011015
25.60000 -0.009496
25.61000 -0.008050
25.62000 -0.006700
25.63000 -0.005483
25.64000 -0.004417
25.65000 -0.003517
25.66000 -0.002803
25.67000 -0.002289
25.68000 -0.002003
25.69000 -0.001962
25.70000 -0.002155
25.71000 -0.002586
25.72000 -0.003255
25.73000 -0.004163
25.74000 -0.005323
25.75000 -0.006696
25.76000 -0.008266
25.77000 -0.010015
25.78000 -0.011919
25.79000 -0.013967
25.80000 -0.016112
25.81000 -0.018322
25.82000 -0.020562
25.83000 -0.022799
25.84000 -0.024990
25.85000 -0.027094
25.86000 -0.029077
25.87000 -0.030905
25.88000 -0.032541
25.89000 -0.033940
25.90000 -0.035058
25.91000 -0.035887
25.92000 -0.036402
25.93000 -0.036584
25.94000 -0.036408
25.95000 -0.035826
25.96000 -0.034873
25.97000 -0.033548
25.98000 -0.031853
25.99000 -0.029798
26.00000 -0.027354
26.01000 -0.024582
26.02000 -0.021512
26.03000 -0.018171
26.04000 -0.014594
26.05000 -0.010801
26.06000 -0.006848
26.07000 -0.002787
26.08000 0.001337
26.09000 0.005476
26.10000 0.009580
26.11000 0.013591
26.12000 0.017466
26.13000 0.021161
26.14000 0.024633
26.15000 0.027836
26.16000 0.030700
26.17000 0.033224
26.18000 0.035383
26.19000 0.037154
26.20000 0.038520
26.21000 0.039416
26.22000 0.039884
26.23000 0.039930
26.24000 0.039560
26.25000 0.038786
26.26000 0.037591
26.27000 0.036019
26.28000 0.034113
26.29000 0.031904
26.30000 0.029425
26.31000 0.026702
26.32000 0.023774
26.33000 0.020697
26.34000 0.017512
26.35000 0.014257
26.36000 0.010970
26.37000 0.007693
26.38000 0.004461
26.39000 0.001305
26.40000 -0.001749
26.41000 -0.004677
26.42000 -0.007439
26.43000 -0.010037
26.44000 -0.012463
26.45000 -0.014710
26.46000 -0.016779
26.47000 -0.018658
26.48000 -0.020362
26.49000 -0.021910
26.50000 -0.023319
26.51000 -0.024604
26.52000 -0.025780
26.53000 -0.026870
26.54000 -0.027903
26.55000 -0.028903
26.56000 -0.029891
26.57000 -0.030890
26.58000 -0.031926
26.59000 -0.033016
26.60000 -0.034175
26.61000 -0.035416
26.62000 -0.036751
26.63000 -0.038200
26.64000 -0.039756
26.65000 -0.041418
26.66000 -0.043182
26.67000 -0.045042
26.68000 -0.046994
26.69000 -0.049019
26.70000 -0.051097
26.71000 -0.053209
26.72000 -0.055335
26.73000 -0.057450
26.74000 -0.059526
26.75000 -0.061540
26.76000 -0.063468
26.77000 -0.065285
26.78000 -0.066966
26.79000 -0.068471
26.80000 -0.069796
26.81000 -0.070926
26.82000 -0.071845
26.83000 -0.072543
26.84000 -0.072983
26.85000 -0.073186
26.86000 -0.073156
26.87000 -0.072898
26.88000 -0.072419
26.89000 -0.071717
26.90000 -0.070816
26.91000 -0.069750
26.92000 -0.068541
26.93000 -0.067217
26.94000 -0.065806
26.95000 -0.064342
26.96000 -0.062867
26.97000 -0.061417
26.98000 -0.060027
26.99000 -0.058735
27.00000 -0.057597
27.01000 -0.056633
27.02000 -0.055877
27.03000 -0.055357
27.04000 -0.055101
27.05000 -0.055172
27.06000 -0.055559
27.07000 -0.056274
27.08000 -0.057326
27.09000 -0.058721
27.10000 -0.060490
27.11000 -0.062614
27.12000 -0.065064
27.13000 -0.067826
27.14000 -0.070878
27.15000 -0.074208
27.16000 -0.077790
27.17000 -0.081566
27.18000 -0.085501
27.19000 -0.089553
27.20000 -0.093682
27.21000 -0.097840
27.22000 -0.101974
27.23000 -0.106039
27.24000 -0.109989
27.25000 -0.113781
27.26000 -0.117341
27.27000 -0.120645
27.28000 -0.123658
27.29000 -0.126345
27.30000 -0.128674
27.31000 -0.130579
27.32000 -0.132046
27.33000 -0.133074
27.34000 -0.133646
27.35000 -0.133750
27.36000 -0.133350
27.37000 -0.132423
27.38000 -0.131009
27.39000 -0.129109
27.40000 -0.126726
27.41000 -0.123858
27.42000 -0.120468
27.43000 -0.116621
27.44000 -0.112331
27.45000 -0.107610
27.46000 -0.102471
27.47000 -0.096884
27.48000 -0.090905
27.49000 -0.084557
27.50000 -0.077856
27.51000 -0.070818
27.52000 -0.063432
27.53000 -0.055728
27.54000 -0.047740
27.55000 -0.039485
27.56000 -0.030982
27.57000 -0.022239
27.58000 -0.013274
27.59000 -0.004128
27.60000 0.005174
27.61000 0.014606
27.62000 0.024140
27.63000 0.033749
27.64000 0.043388
27.65000 0.053020
27.66000 0.062608
27.67000 0.072110
27.68000 0.081464
27.69000 0.090632
27.70000 0.099570
27.71000 0.108231
27.72000 0.116567
27.73000 0.124494
27.74000 0.131968
27.75000 0.138962
27.76000 0.145433
27.77000 0.151336
27.78000 0.156600
27.79000 0.161159
27.80000 0.165037
27.81000 0.168206
27.82000 0.170646
27.83000 0.172328
27.84000 0.173165
27.85000 0.173245
27.86000 0.172573
27.87000 0.171163
27.88000 0.169033
27.89000 0.166128
27.90000 0.162557
27.91000 0.158373
27.92000 0.153621
27.93000 0.148351
27.94000 0.142587
27.95000 0.136413
27.96000 0.129917
27.97000 0.123168
27.98000 0.116234
27.99000 0.109183
28.00000 0.102095
28.01000 0.095050
28.02000 0.088115
28.03000 0.081355
28.04000 0.074839
28.05000 0.068664
28.06000 0.062851
28.07000 0.057448
28.08000 0.052497
28.09000 0.048032
28.10000 0.044146
28.11000 0.040810
28.12000 0.038026
28.13000 0.035800
28.14000 0.034129
28.15000 0.033050
28.16000 0.032524
28.17000 0.032499
28.18000 0.032945
28.19000 0.033825
28.20000 0.035118
28.21000 0.036782
28.22000 0.038733
28.23000 0.040921
28.24000 0.043291
28.25000 0.045788
28.26000 0.048356
28.27000 0.050928
28.28000 0.053448
28.29000 0.055866
28.30000 0.058132
28.31000 0.060172
28.32000 0.061960
28.33000 0.063464
28.34000 0.064654
28.35000 0.065502
28.36000 0.065955
28.37000 0.066010
28.38000 0.065677
28.39000 0.064953
28.40000 0.063841
28.41000 0.062331
28.42000 0.060423
28.43000 0.058171
28.44000 0.055595
28.45000 0.052721
28.46000 0.049573
28.47000 0.046163
28.48000 0.042555
28.49000 0.038784
28.50000 0.034885
28.51000 0.030894
28.52000 0.026843
28.53000 0.022777
28.54000 0.018728
28.55000 0.014730
28.56000 0.010812
28.57000 0.007013
28.58000 0.003358
28.59000 -0.000136
28.60000 -0.003449
28.61000 -0.006564
28.62000 -0.009454
28.63000 -0.012096
28.64000 -0.014500
28.65000 -0.016659
28.66000 -0.018567
28.67000 -0.020218
28.68000 -0.021581
28.69000 -0.022690
28.70000 -0.023546
28.71000 -0.024152
28.72000 -0.024514
28.73000 -0.024608
28.74000 -0.024467
28.75000 -0.024104
28.76000 -0.023526
28.77000 -0.022742
28.78000 -0.021748
28.79000 -0.020563
28.80000 -0.019206
28.81000 -0.017692
28.82000 -0.016032
28.83000 -0.014232
28.84000 -0.012305
28.85000 -0.010275
28.86000 -0.008157
28.87000 -0.005964
28.88000 -0.003709
28.89000 -0.001405
28.90000 0.000929
28.91000 0.003278
28.92000 0.005631
28.93000 0.007974
28.94000 0.010292
28.95000 0.012575
28.96000 0.014813
28.97000 0.016999
28.98000 0.019124
28.99000 0.021174
29.00000 0.023147
29.01000 0.025041
29.02000 0.026851
29.03000 0.028577
29.04000 0.030209
29.05000 0.031743
29.06000 0.033186
29.07000 0.034535
29.08000 0.035789
29.09000 0.036944
29.10000 0.037986
29.11000 0.038924
29.12000 0.039753
29.13000 0.040467
29.14000 0.041060
29.15000 0.041507
29.16000 0.041810
29.17000 0.041961
29.18000 0.041949
29.19000 0.041761
29.20000 0.041367
29.21000 0.040757
29.22000 0.039928
29.23000 0.038867
29.24000 0.037561
29.25000 0.035985
29.26000 0.034119
29.27000 0.031977
29.28000 0.029554
29.29000 0.026847
29.30000 0.023854
29.31000 0.020547
29.32000 0.016969
29.33000 0.013132
29.34000 0.009050
29.35000 0.004741
29.36000 0.000205
29.37000 -0.004510
29.38000 -0.009371
29.39000 -0.014347
29.40000 -0.019407
29.41000 -0.024515
29.42000 -0.029631
29.43000 -0.034716
29.44000 -0.039732
29.45000 -0.044646
29.46000 -0.049414
29.47000 -0.053992
29.48000 -0.058364
29.49000 -0.062503
29.50000 -0.066385
29.51000 -0.069986
29.52000 -0.073256
29.53000 -0.076218
29.54000 -0.078866
29.55000 -0.081196
29.56000 -0.083209
29.57000 -0.084874
29.58000 -0.086232
29.59000 -0.087301
29.60000 -0.088098
29.61000 -0.088641
29.62000 -0.088932
29.63000 -0.089003
29.64000 -0.088893
29.65000 -0.088624
29.66000 -0.088220
29.67000 -0.087704
29.68000 -0.087097
29.69000 -0.086433
29.70000 -0.085732
29.71000 -0.085013
29.72000 -0.084295
29.73000 -0.083597
29.74000 -0.082930
29.75000 -0.082305
29.76000 -0.081730
29.77000 -0.081211
29.78000 -0.080757
29.79000 -0.080366
29.80000 -0.080033
29.81000 -0.079756
29.82000 -0.079529
29.83000 -0.079350
29.84000 -0.079206
29.85000 -0.079086
29.86000 -0.078979
29.87000 -0.078874
29.88000 -0.078756
29.89000 -0.078609
29.90000 -0.078421
29.91000 -0.078179
29.92000 -0.077866
29.93000 -0.077469
29.94000 -0.076960
29.95000 -0.076336
29.96000 -0.075582
29.97000 -0.074687
29.98000 -0.073637
29.99000 -0.072401
30.00000 -0.070981
