0.00000 0.000497
0.01000 0.005292
0.02000 0.006373
0.03000 0.011714
0.04000 0.015106
0.05000 0.017777
0.06000 0.019695
0.07000 0.018664
0.08000 0.019549
0.09000 0.020465
0.10000 0.019190
0.11000 0.017084
0.12000 0.014042
0.13000 0.012525
0.14000 0.009188
0.15000 0.003650
0.16000 -0.000054
0.17000 -0.002702
0.18000 -0.006498
0.19000 -0.012014
0.20000 -0.013681
0.21000 -0.015738
0.22000 -0.016567
0.23000 -0.016167
0.24000 -0.016160
0.25000 -0.015552
0.26000 -0.014165
0.27000 -0.012574
0.28000 -0.011179
0.29000 -0.005963
0.30000 -0.002152
0.31000 0.001420
0.32000 0.005878
0.33000 0.009540
0.34000 0.015142
0.35000 0.017369
0.36000 0.018877
0.37000 0.022110
0.38000 0.023314
0.39000 0.024975
0.40000 0.024092
0.41000 0.023640
0.42000 0.019069
0.43000 0.015595
0.44000 0.011983
0.45000 0.008384
0.46000 0.002794
0.47000 -0.002166
0.48000 -0.004603
0.49000 -0.011122
0.50000 -0.014822
0.51000 -0.020397
0.52000 -0.021164
0.53000 -0.024032
0.54000 -0.025147
0.55000 -0.025199
0.56000 -0.023499
0.57000 -0.021382
0.58000 -0.018419
0.59000 -0.012755
0.60000 -0.010137
0.61000 -0.001911
0.62000 0.003669
0.63000 0.012698
0.64000 0.020462
0.65000 0.027544
0.66000 0.035335
0.67000 0.042954
0.68000 0.051875
0.69000 0.056212
0.70000 0.061436
0.71000 0.065068
0.72000 0.066065
0.73000 0.068267
0.74000 0.068147
0.75000 0.065590
0.76000 0.062647
0.77000 0.060623
0.78000 0.052699
0.79000 0.048282
0.80000 0.040826
0.81000 0.031557
0.82000 0.024397
0.83000 0.017752
0.84000 0.008263
0.85000 0.000050
0.86000 -0.004155
0.87000 -0.011319
0.88000 -0.018292
0.89000 -0.022163
0.90000 -0.026197
0.91000 -0.027452
0.92000 -0.028979
0.93000 -0.027994
0.94000 -0.028526
0.95000 -0.025850
0.96000 -0.022801
0.97000 -0.019603
0.98000 -0.016755
0.99000 -0.012549
1.00000 -0.008304
1.01000 -0.002211
1.02000 0.000620
1.03000 0.005170
1.04000 0.007224
1.05000 0.011395
1.06000 0.013898
1.07000 0.014182
1.08000 0.013315
1.09000 0.015589
1.10000 0.014267
1.11000 0.013484
1.12000 0.011291
1.13000 0.007725
1.14000 0.005104
1.15000 0.004341
1.16000 0.001349
1.17000 0.000146
1.18000 -0.004892
1.19000 -0.005303
1.20000 -0.008908
1.21000 -0.007286
1.22000 -0.010637
1.23000 -0.008319
1.24000 -0.011400
1.25000 -0.008734
1.26000 -0.008468
1.27000 -0.010128
1.28000 -0.008316
1.29000 -0.007901
1.30000 -0.008030
1.31000 -0.005085
1.32000 -0.007379
1.33000 -0.008444
1.34000 -0.008468
1.35000 -0.011412
1.36000 -0.013507
1.37000 -0.015852
1.38000 -0.019841
1.39000 -0.024634
1.40000 -0.029219
1.41000 -0.033936
1.42000 -0.040102
1.43000 -0.044110
1.44000 -0.049279
1.45000 -0.053115
1.46000 -0.059445
1.47000 -0.060112
1.48000 -0.065815
1.49000 -0.067324
1.50000 -0.066998
1.51000 -0.067403
1.52000 -0.067340
1.53000 -0.064276
1.54000 -0.060919
1.55000 -0.059252
1.56000 -0.055351
1.57000 -0.050461
1.58000 -0.044510
1.59000 -0.042182
1.60000 -0.037625
1.61000 -0.034503
1.62000 -0.030552
1.63000 -0.030304
1.64000 -0.032092
1.65000 -0.033060
1.66000 -0.036417
1.67000 -0.042157
1.68000 -0.046991
1.69000 -0.056278
1.70000 -0.065177
1.71000 -0.076942
1.72000 -0.088697
1.73000 -0.100838
1.74000 -0.112080
1.75000 -0.124958
1.76000 -0.140122
1.77000 -0.151316
1.78000 -0.161372
1.79000 -0.168105
1.80000 -0.173003
1.81000 -0.175481
1.82000 -0.176147
1.83000 -0.171273
1.84000 -0.166406
1.85000 -0.152717
1.86000 -0.136276
1.87000 -0.116224
1.88000 -0.092712
1.89000 -0.066155
1.90000 -0.037580
1.91000 -0.002765
1.92000 0.034217
1.93000 0.070964
1.94000 0.108337
1.95000 0.149146
1.96000 0.188248
1.97000 0.225400
1.98000 0.263093
1.99000 0.297264
2.00000 0.329253
2.01000 0.356871
2.02000 0.380034
2.03000 0.400867
2.04000 0.415331
2.05000 0.425711
2.06000 0.432209
2.07000 0.431509
2.08000 0.427150
2.09000 0.419319
2.10000 0.404078
2.11000 0.385330
2.12000 0.365073
2.13000 0.339932
2.14000 0.313289
2.15000 0.283875
2.16000 0.251540
2.17000 0.221561
2.18000 0.191988
2.19000 0.161026
2.20000 0.130313
2.21000 0.104036
2.22000 0.075752
2.23000 0.052708
2.24000 0.032258
2.25000 0.013547
2.26000 -0.004436
2.27000 -0.016916
2.28000 -0.026730
2.29000 -0.032382
2.30000 -0.038632
2.31000 -0.040269
2.32000 -0.042110
2.33000 -0.043209
2.34000 -0.039651
2.35000 -0.038082
2.36000 -0.035937
2.37000 -0.031187
2.38000 -0.026715
2.39000 -0.024189
2.40000 -0.020815
2.41000 -0.020216
2.42000 -0.019188
2.43000 -0.021043
2.44000 -0.021898
2.45000 -0.024166
2.46000 -0.026593
2.47000 -0.030492
2.48000 -0.036096
2.49000 -0.043848
2.50000 -0.049412
2.51000 -0.055413
2.52000 -0.061465
2.53000 -0.068799
2.54000 -0.075389
2.55000 -0.082129
2.56000 -0.089846
2.57000 -0.095543
2.58000 -0.099076
2.59000 -0.103944
2.60000 -0.108562
2.61000 -0.108662
2.62000 -0.113612
2.63000 -0.114368
2.64000 -0.117059
2.65000 -0.118546
2.66000 -0.119803
2.67000 -0.120325
2.68000 -0.120756
2.69000 -0.122009
2.70000 -0.120704
2.71000 -0.124782
2.72000 -0.124727
2.73000 -0.125561
2.74000 -0.130489
2.75000 -0.131471
2.76000 -0.135376
2.77000 -0.139517
2.78000 -0.139666
2.79000 -0.146007
2.80000 -0.148122
2.81000 -0.150537
2.82000 -0.156465
2.83000 -0.160024
2.84000 -0.162302
2.85000 -0.166479
2.86000 -0.167589
2.87000 -0.170711
2.88000 -0.172738
2.89000 -0.175317
2.90000 -0.176519
2.91000 -0.177178
2.92000 -0.176123
2.93000 -0.178325
2.94000 -0.176324
2.95000 -0.178182
2.96000 -0.178089
2.97000 -0.177938
2.98000 -0.175977
2.99000 -0.176573
3.00000 -0.176262
3.01000 -0.175126
3.02000 -0.174551
3.03000 -0.176189
3.04000 -0.173700
3.05000 -0.173015
3.06000 -0.171986
3.07000 -0.168633
3.08000 -0.166571
3.09000 -0.163832
3.10000 -0.159370
3.11000 -0.154224
3.12000 -0.145294
3.13000 -0.137130
3.14000 -0.127188
3.15000 -0.117320
3.16000 -0.103805
3.17000 -0.090091
3.18000 -0.074713
3.19000 -0.057415
3.20000 -0.042542
3.21000 -0.023150
3.22000 -0.003124
3.23000 0.016745
3.24000 0.035580
3.25000 0.053422
3.26000 0.073367
3.27000 0.089675
3.28000 0.108157
3.29000 0.122303
3.30000 0.134011
3.31000 0.147683
3.32000 0.157008
3.33000 0.163809
3.34000 0.166669
3.35000 0.169889
3.36000 0.168790
3.37000 0.167364
3.38000 0.160381
3.39000 0.154547
3.40000 0.144138
3.41000 0.134040
3.42000 0.122497
3.43000 0.106176
3.44000 0.093565
3.45000 0.076819
3.46000 0.062470
3.47000 0.047131
3.48000 0.035582
3.49000 0.022980
3.50000 0.010248
3.51000 -0.002865
3.52000 -0.008800
3.53000 -0.017914
3.54000 -0.024295
3.55000 -0.028136
3.56000 -0.029324
3.57000 -0.027957
3.58000 -0.027935
3.59000 -0.023662
3.60000 -0.019073
3.61000 -0.012899
3.62000 -0.006146
3.63000 -0.000610
3.64000 0.009514
3.65000 0.015560
3.66000 0.024327
3.67000 0.032460
3.68000 0.041981
3.69000 0.046973
3.70000 0.054637
3.71000 0.061532
3.72000 0.066704
3.73000 0.073445
3.74000 0.077626
3.75000 0.079202
3.76000 0.082333
3.77000 0.085081
3.78000 0.086447
3.79000 0.090080
3.80000 0.091272
3.81000 0.093549
3.82000 0.097293
3.83000 0.097919
3.84000 0.102433
3.85000 0.105426
3.86000 0.111796
3.87000 0.115532
3.88000 0.120848
3.89000 0.126265
3.90000 0.131926
3.91000 0.138204
3.92000 0.145750
3.93000 0.150111
3.94000 0.159314
3.95000 0.164998
3.96000 0.170543
3.97000 0.176548
3.98000 0.181404
3.99000 0.182209
4.00000 0.185509
4.01000 0.188520
4.02000 0.188603
4.03000 0.186736
4.04000 0.184101
4.05000 0.180273
4.06000 0.177549
4.07000 0.172307
4.08000 0.164794
4.09000 0.155608
4.10000 0.147969
4.11000 0.138783
4.12000 0.128915
4.13000 0.119050
4.14000 0.107743
4.15000 0.096419
4.16000 0.088802
4.17000 0.076720
4.18000 0.068104
4.19000 0.058644
4.20000 0.050766
4.21000 0.040434
4.22000 0.032960
4.23000 0.024420
4.24000 0.018346
4.25000 0.011953
4.26000 0.005356
4.27000 0.001860
4.28000 -0.003591
4.29000 -0.007383
4.30000 -0.013542
4.31000 -0.017283
4.32000 -0.023292
4.33000 -0.025239
4.34000 -0.030124
4.35000 -0.034124
4.36000 -0.036343
4.37000 -0.040814
4.38000 -0.045962
4.39000 -0.050627
4.40000 -0.052002
4.41000 -0.056020
4.42000 -0.058584
4.43000 -0.060605
4.44000 -0.060211
4.45000 -0.063251
4.46000 -0.062074
4.47000 -0.064038
4.48000 -0.060082
4.49000 -0.059749
4.50000 -0.057025
4.51000 -0.054972
4.52000 -0.048286
4.53000 -0.043039
4.54000 -0.040486
4.55000 -0.032128
4.56000 -0.026566
4.57000 -0.020122
4.58000 -0.013068
4.59000 -0.008955
4.60000 -0.000504
4.61000 0.004835
4.62000 0.007845
4.63000 0.013642
4.64000 0.017541
4.65000 0.020502
4.66000 0.024845
4.67000 0.026136
4.68000 0.025309
4.69000 0.025504
4.70000 0.023286
4.71000 0.022968
4.72000 0.020151
4.73000 0.015842
4.74000 0.012221
4.75000 0.006992
4.76000 0.000512
4.77000 -0.003105
4.78000 -0.009707
4.79000 -0.014279
4.80000 -0.021129
4.81000 -0.026811
4.82000 -0.029639
4.83000 -0.033393
4.84000 -0.039877
4.85000 -0.042018
4.86000 -0.043957
4.87000 -0.048836
4.88000 -0.051856
4.89000 -0.054123
4.90000 -0.052953
4.91000 -0.055529
4.92000 -0.057198
4.93000 -0.056819
4.94000 -0.057633
4.95000 -0.059340
4.96000 -0.062982
4.97000 -0.063474
4.98000 -0.065298
4.99000 -0.066749
5.00000 -0.069562
5.01000 -0.071712
5.02000 -0.074671
5.03000 -0.076741
5.04000 -0.078284
5.05000 -0.082309
5.06000 -0.084902
5.07000 -0.087223
5.08000 -0.092621
5.09000 -0.095338
5.10000 -0.097268
5.11000 -0.099427
5.12000 -0.100131
5.13000 -0.102078
5.14000 -0.102282
5.15000 -0.101883
5.16000 -0.101956
5.17000 -0.100839
5.18000 -0.097289
5.19000 -0.096845
5.20000 -0.093498
5.21000 -0.088971
5.22000 -0.086889
5.23000 -0.081330
5.24000 -0.077460
5.25000 -0.071901
5.26000 -0.066945
5.27000 -0.063382
5.28000 -0.060996
5.29000 -0.054264
5.30000 -0.050611
5.31000 -0.048234
5.32000 -0.044026
5.33000 -0.042182
5.34000 -0.040100
5.35000 -0.040615
5.36000 -0.038319
5.37000 -0.038631
5.38000 -0.038303
5.39000 -0.038738
5.40000 -0.041710
5.41000 -0.041666
5.42000 -0.042414
5.43000 -0.042956
5.44000 -0.045042
5.45000 -0.046737
5.46000 -0.047858
5.47000 -0.047726
5.48000 -0.047914
5.49000 -0.050427
5.50000 -0.050692
5.51000 -0.049883
5.52000 -0.049268
5.53000 -0.050525
5.54000 -0.047982
5.55000 -0.047098
5.56000 -0.046348
5.57000 -0.044735
5.58000 -0.043983
5.59000 -0.041870
5.60000 -0.039210
5.61000 -0.039502
5.62000 -0.038878
5.63000 -0.036696
5.64000 -0.038280
5.65000 -0.036051
5.66000 -0.037537
5.67000 -0.038344
5.68000 -0.038758
5.69000 -0.040410
5.70000 -0.040888
5.71000 -0.042769
5.72000 -0.043569
5.73000 -0.045283
5.74000 -0.048272
5.75000 -0.048493
5.76000 -0.052042
5.77000 -0.054113
5.78000 -0.056317
5.79000 -0.056954
5.80000 -0.058348
5.81000 -0.059119
5.82000 -0.063330
5.83000 -0.062262
5.84000 -0.064883
5.85000 -0.062943
5.86000 -0.062833
5.87000 -0.065468
5.88000 -0.063722
5.89000 -0.061507
5.90000 -0.061506
5.91000 -0.060248
5.92000 -0.062004
5.93000 -0.058668
5.94000 -0.060261
5.95000 -0.057522
5.96000 -0.055151
5.97000 -0.056483
5.98000 -0.053477
5.99000 -0.052970
6.00000 -0.054233
6.01000 -0.052218
6.02000 -0.049501
6.03000 -0.048852
6.04000 -0.048788
6.05000 -0.048062
6.06000 -0.045674
6.07000 -0.044356
6.08000 -0.041824
6.09000 -0.041870
6.10000 -0.039998
6.11000 -0.038662
6.12000 -0.034915
6.13000 -0.033726
6.14000 -0.029984
6.15000 -0.025844
6.16000 -0.023921
6.17000 -0.019703
6.18000 -0.017195
6.19000 -0.012792
6.20000 -0.010731
6.21000 -0.008347
6.22000 -0.002928
6.23000 -0.002092
6.24000 0.001553
6.25000 0.006035
6.26000 0.010126
6.27000 0.010528
6.28000 0.013020
6.29000 0.017395
6.30000 0.018475
6.31000 0.021848
6.32000 0.021845
6.33000 0.023986
6.34000 0.025442
6.35000 0.027052
6.36000 0.028571
6.37000 0.031513
6.38000 0.032748
6.39000 0.036086
6.40000 0.037608
6.41000 0.038838
6.42000 0.042320
6.43000 0.045886
6.44000 0.046750
6.45000 0.052200
6.46000 0.053898
6.47000 0.057879
6.48000 0.063154
6.49000 0.063965
6.50000 0.067963
6.51000 0.073632
6.52000 0.078123
6.53000 0.083238
6.54000 0.086256
6.55000 0.090072
6.56000 0.094181
6.57000 0.098931
6.58000 0.101455
6.59000 0.104617
6.60000 0.108479
6.61000 0.110925
6.62000 0.112996
6.63000 0.112310
6.64000 0.112689
6.65000 0.115034
6.66000 0.115537
6.67000 0.116091
6.68000 0.115547
6.69000 0.116112
6.70000 0.113777
6.71000 0.115533
6.72000 0.114866
6.73000 0.113124
6.74000 0.113365
6.75000 0.113147
6.76000 0.112089
6.77000 0.111884
6.78000 0.109434
6.79000 0.109578
6.80000 0.110820
6.81000 0.108970
6.82000 0.110517
6.83000 0.112863
6.84000 0.112308
6.85000 0.111733
6.86000 0.113689
6.87000 0.116317
6.88000 0.116169
6.89000 0.118260
6.90000 0.121236
6.91000 0.122103
6.92000 0.122843
6.93000 0.124281
6.94000 0.126736
6.95000 0.127896
6.96000 0.131361
6.97000 0.131437
6.98000 0.132940
6.99000 0.133945
7.00000 0.134225
7.01000 0.133890
7.02000 0.134620
7.03000 0.135318
7.04000 0.136240
7.05000 0.136421
7.06000 0.133324
7.07000 0.133704
7.08000 0.132506
7.09000 0.132068
7.10000 0.131696
7.11000 0.130042
7.12000 0.127570
7.13000 0.125408
7.14000 0.123332
7.15000 0.121377
7.16000 0.117984
7.17000 0.112571
7.18000 0.109758
7.19000 0.107048
7.20000 0.101449
7.21000 0.097435
7.22000 0.092087
7.23000 0.089245
7.24000 0.081950
7.25000 0.076012
7.26000 0.071406
7.27000 0.067050
7.28000 0.060778
7.29000 0.054724
7.30000 0.046925
7.31000 0.042771
7.32000 0.036632
7.33000 0.032370
7.34000 0.027206
7.35000 0.021787
7.36000 0.015277
7.37000 0.012294
7.38000 0.007826
7.39000 0.002341
7.40000 0.000814
7.41000 -0.001285
7.42000 -0.006564
7.43000 -0.007926
7.44000 -0.008328
7.45000 -0.012996
7.46000 -0.013275
7.47000 -0.015103
7.48000 -0.014590
7.49000 -0.014918
7.50000 -0.017772
7.51000 -0.017545
7.52000 -0.019174
7.53000 -0.018328
7.54000 -0.018879
7.55000 -0.017891
7.56000 -0.020557
7.57000 -0.021471
7.58000 -0.022460
7.59000 -0.020847
7.60000 -0.022931
7.61000 -0.023277
7.62000 -0.026061
7.63000 -0.027115
7.64000 -0.028688
7.65000 -0.027793
7.66000 -0.029544
7.67000 -0.032932
7.68000 -0.032323
7.69000 -0.035137
7.70000 -0.036222
7.71000 -0.038494
7.72000 -0.037865
7.73000 -0.038225
7.74000 -0.040189
7.75000 -0.039501
7.76000 -0.039930
7.77000 -0.042696
7.78000 -0.042094
7.79000 -0.041443
7.80000 -0.042998
7.81000 -0.040266
7.82000 -0.041349
7.83000 -0.042185
7.84000 -0.042008
7.85000 -0.040351
7.86000 -0.038094
7.87000 -0.039814
7.88000 -0.039635
7.89000 -0.036245
7.90000 -0.036070
7.91000 -0.035216
7.92000 -0.035924
7.93000 -0.035580
7.94000 -0.036553
7.95000 -0.037272
7.96000 -0.035932
7.97000 -0.036103
7.98000 -0.037267
7.99000 -0.035516
8.00000 -0.037384
8.01000 -0.037818
8.02000 -0.037332
8.03000 -0.038631
8.04000 -0.038986
8.05000 -0.038599
8.06000 -0.037806
8.07000 -0.038237
8.08000 -0.038600
8.09000 -0.039116
8.10000 -0.040303
8.11000 -0.039306
8.12000 -0.041411
8.13000 -0.041098
8.14000 -0.042146
8.15000 -0.041425
8.16000 -0.042270
8.17000 -0.042878
8.18000 -0.042557
8.19000 -0.043031
8.20000 -0.043112
8.21000 -0.044161
8.22000 -0.044518
8.23000 -0.044066
8.24000 -0.047314
8.25000 -0.048045
8.26000 -0.047530
8.27000 -0.049921
8.28000 -0.049889
8.29000 -0.051342
8.30000 -0.053900
8.31000 -0.053089
8.32000 -0.056398
8.33000 -0.055329
8.34000 -0.059084
8.35000 -0.058926
8.36000 -0.060445
8.37000 -0.061507
8.38000 -0.059803
8.39000 -0.061471
8.40000 -0.062548
8.41000 -0.061825
8.42000 -0.063747
8.43000 -0.063134
8.44000 -0.064229
8.45000 -0.062771
8.46000 -0.065906
8.47000 -0.062983
8.48000 -0.063331
8.49000 -0.066320
8.50000 -0.065517
8.51000 -0.065600
8.52000 -0.066577
8.53000 -0.066945
8.54000 -0.067639
8.55000 -0.067779
8.56000 -0.068607
8.57000 -0.070670
8.58000 -0.070967
8.59000 -0.071282
8.60000 -0.071759
8.61000 -0.073894
8.62000 -0.077670
8.63000 -0.079588
8.64000 -0.081694
8.65000 -0.083726
8.66000 -0.087393
8.67000 -0.088192
8.68000 -0.091206
8.69000 -0.092823
8.70000 -0.097257
8.71000 -0.096847
8.72000 -0.099655
8.73000 -0.103594
8.74000 -0.103928
8.75000 -0.105880
8.76000 -0.109860
8.77000 -0.111697
8.78000 -0.112348
8.79000 -0.112465
8.80000 -0.113650
8.81000 -0.112641
8.82000 -0.113743
8.83000 -0.113507
8.84000 -0.111148
8.85000 -0.110215
8.86000 -0.109758
8.87000 -0.106245
8.88000 -0.103308
8.89000 -0.102132
8.90000 -0.096402
8.91000 -0.095920
8.92000 -0.091008
8.93000 -0.085824
8.94000 -0.083546
8.95000 -0.076411
8.96000 -0.072822
8.97000 -0.066574
8.98000 -0.061563
8.99000 -0.057933
9.00000 -0.052122
9.01000 -0.046358
9.02000 -0.041163
9.03000 -0.035342
9.04000 -0.030982
9.05000 -0.023829
9.06000 -0.020912
9.07000 -0.016605
9.08000 -0.010125
9.09000 -0.005220
9.10000 -0.001979
9.11000 0.002177
9.12000 0.007410
9.13000 0.010722
9.14000 0.016023
9.15000 0.019438
9.16000 0.021704
9.17000 0.023564
9.18000 0.024892
9.19000 0.029718
9.20000 0.028745
9.21000 0.031880
9.22000 0.032377
9.23000 0.033241
9.24000 0.037422
9.25000 0.036129
9.26000 0.037742
9.27000 0.038327
9.28000 0.038365
9.29000 0.038160
9.30000 0.039419
9.31000 0.038309
9.32000 0.036536
9.33000 0.036791
9.34000 0.039192
9.35000 0.038703
9.36000 0.036889
9.37000 0.037234
9.38000 0.036776
9.39000 0.033807
9.40000 0.034355
9.41000 0.032996
9.42000 0.034427
9.43000 0.034605
9.44000 0.033348
9.45000 0.030535
9.46000 0.032354
9.47000 0.029795
9.48000 0.028890
9.49000 0.028555
9.50000 0.029826
9.51000 0.025976
9.52000 0.026038
9.53000 0.026579
9.54000 0.024295
9.55000 0.025443
9.56000 0.022179
9.57000 0.022015
9.58000 0.019553
9.59000 0.018481
9.60000 0.019870
9.61000 0.018983
9.62000 0.016469
9.63000 0.015755
9.64000 0.013362
9.65000 0.014424
9.66000 0.013885
9.67000 0.012178
9.68000 0.011808
9.69000 0.012584
9.70000 0.011941
9.71000 0.010584
9.72000 0.010167
9.73000 0.008992
9.74000 0.009956
9.75000 0.010024
9.76000 0.010429
9.77000 0.013398
9.78000 0.013145
9.79000 0.013305
9.80000 0.014673
9.81000 0.015428
9.82000 0.017311
9.83000 0.020081
9.84000 0.020426
9.85000 0.022340
9.86000 0.023342
9.87000 0.025546
9.88000 0.028288
9.89000 0.028917
9.90000 0.030915
9.91000 0.033291
9.92000 0.035728
9.93000 0.038005
9.94000 0.040724
9.95000 0.041255
9.96000 0.041914
9.97000 0.044768
9.98000 0.048950
9.99000 0.050612
10.00000 0.049723
10.01000 0.051935
10.02000 0.055353
10.03000 0.057902
10.04000 0.059424
10.05000 0.061134
10.06000 0.064458
10.07000 0.066810
10.08000 0.066164
10.09000 0.069413
10.10000 0.073221
10.11000 0.074934
10.12000 0.077091
10.13000 0.076117
10.14000 0.081092
10.15000 0.081945
10.16000 0.084153
10.17000 0.086122
10.18000 0.086607
10.19000 0.086194
10.20000 0.088305
10.21000 0.091117
10.22000 0.090147
10.23000 0.091859
10.24000 0.091789
10.25000 0.091209
10.26000 0.090792
10.27000 0.090468
10.28000 0.090525
10.29000 0.091611
10.30000 0.090405
10.31000 0.089060
10.32000 0.088110
10.33000 0.085075
10.34000 0.082235
10.35000 0.081076
10.36000 0.079317
10.37000 0.077081
10.38000 0.076654
10.39000 0.074732
10.40000 0.071067
10.41000 0.071976
10.42000 0.068934
10.43000 0.067166
10.44000 0.064714
10.45000 0.063675
10.46000 0.061016
10.47000 0.060278
10.48000 0.057760
10.49000 0.056071
10.50000 0.056729
10.51000 0.054852
10.52000 0.052073
10.53000 0.050775
10.54000 0.049694
10.55000 0.049136
10.56000 0.049434
10.57000 0.045358
10.58000 0.044371
10.59000 0.042750
10.60000 0.041598
10.61000 0.041218
10.62000 0.038624
10.63000 0.035363
10.64000 0.034744
10.65000 0.031793
10.66000 0.032298
10.67000 0.027727
10.68000 0.026646
10.69000 0.025710
10.70000 0.023990
10.71000 0.022135
10.72000 0.017931
10.73000 0.015668
10.74000 0.016342
10.75000 0.013386
10.76000 0.012207
10.77000 0.008455
10.78000 0.009244
10.79000 0.007093
10.80000 0.004472
10.81000 0.003377
10.82000 0.004380
10.83000 0.001313
10.84000 0.001924
10.85000 0.000882
10.86000 -0.001016
10.87000 -0.001065
10.88000 -0.005115
10.89000 -0.006084
10.90000 -0.005682
10.91000 -0.007026
10.92000 -0.011615
10.93000 -0.013594
10.94000 -0.015077
10.95000 -0.016488
10.96000 -0.017787
10.97000 -0.020175
10.98000 -0.025433
10.99000 -0.027470
11.00000 -0.030779
11.01000 -0.032445
11.02000 -0.036852
11.03000 -0.038263
11.04000 -0.039650
11.05000 -0.044026
11.06000 -0.046070
11.07000 -0.049906
11.08000 -0.052976
11.09000 -0.052374
11.10000 -0.056433
11.11000 -0.058373
11.12000 -0.059690
11.13000 -0.061481
11.14000 -0.062280
11.15000 -0.062690
11.16000 -0.063074
11.17000 -0.063895
11.18000 -0.063237
11.19000 -0.062594
11.20000 -0.063027
11.21000 -0.062042
11.22000 -0.063352
11.23000 -0.061989
11.24000 -0.061562
11.25000 -0.062812
11.26000 -0.062371
11.27000 -0.061601
11.28000 -0.062654
11.29000 -0.062938
11.30000 -0.062483
11.31000 -0.062294
11.32000 -0.060529
11.33000 -0.060982
11.34000 -0.060781
11.35000 -0.063970
11.36000 -0.061235
11.37000 -0.063305
11.38000 -0.063819
11.39000 -0.064717
11.40000 -0.066033
11.41000 -0.066729
11.42000 -0.065117
11.43000 -0.066178
11.44000 -0.066982
11.45000 -0.066642
11.46000 -0.068489
11.47000 -0.070106
11.48000 -0.069583
11.49000 -0.068221
11.50000 -0.068396
11.51000 -0.071353
11.52000 -0.070133
11.53000 -0.071265
11.54000 -0.071992
11.55000 -0.071329
11.56000 -0.070265
11.57000 -0.070774
11.58000 -0.071412
11.59000 -0.070498
11.60000 -0.071693
11.61000 -0.071336
11.62000 -0.070538
11.63000 -0.069857
11.64000 -0.068672
11.65000 -0.068740
11.66000 -0.065670
11.67000 -0.064294
11.68000 -0.063590
11.69000 -0.061308
11.70000 -0.060778
11.71000 -0.057931
11.72000 -0.054626
11.73000 -0.053345
11.74000 -0.051465
11.75000 -0.047548
11.76000 -0.043564
11.77000 -0.038391
11.78000 -0.035882
11.79000 -0.030359
11.80000 -0.028880
11.81000 -0.022786
11.82000 -0.017785
11.83000 -0.012370
11.84000 -0.007829
11.85000 -0.004635
11.86000 0.000680
11.87000 0.003528
11.88000 0.009598
11.89000 0.012156
11.90000 0.017877
11.91000 0.022010
11.92000 0.024262
11.93000 0.027027
11.94000 0.030746
11.95000 0.034082
11.96000 0.037927
11.97000 0.040523
11.98000 0.042477
11.99000 0.044636
12.00000 0.049417
12.01000 0.050382
12.02000 0.052390
12.03000 0.056003
12.04000 0.054653
12.05000 0.057654
12.06000 0.058828
12.07000 0.061806
12.08000 0.063365
12.09000 0.064360
12.10000 0.065704
12.11000 0.065991
12.12000 0.066504
12.13000 0.068483
12.14000 0.070910
12.15000 0.070857
12.16000 0.070459
12.17000 0.072388
12.18000 0.071290
12.19000 0.073296
12.20000 0.073331
12.21000 0.071702
12.22000 0.070750
12.23000 0.070294
12.24000 0.069493
12.25000 0.068672
12.26000 0.067065
12.27000 0.064474
12.28000 0.062404
12.29000 0.061297
12.30000 0.060091
12.31000 0.055648
12.32000 0.053676
12.33000 0.051049
12.34000 0.050292
12.35000 0.044677
12.36000 0.043417
12.37000 0.040810
12.38000 0.036263
12.39000 0.034869
12.40000 0.029765
12.41000 0.027297
12.42000 0.025298
12.43000 0.022382
12.44000 0.021233
12.45000 0.019432
12.46000 0.016492
12.47000 0.016177
12.48000 0.014803
12.49000 0.014002
12.50000 0.010214
12.51000 0.012072
12.52000 0.009279
12.53000 0.008913
12.54000 0.006869
12.55000 0.008694
12.56000 0.006694
12.57000 0.008102
12.58000 0.009020
12.59000 0.008961
12.60000 0.007478
12.61000 0.006443
12.62000 0.008141
12.63000 0.007370
12.64000 0.008518
12.65000 0.009315
12.66000 0.008032
12.67000 0.009770
12.68000 0.009967
12.69000 0.010173
12.70000 0.008100
12.71000 0.007746
12.72000 0.011174
12.73000 0.008592
12.74000 0.011419
12.75000 0.010463
12.76000 0.009536
12.77000 0.010002
12.78000 0.009422
12.79000 0.011536
12.80000 0.009465
12.81000 0.011711
12.82000 0.011765
12.83000 0.010131
12.84000 0.011418
12.85000 0.009934
12.86000 0.010272
12.87000 0.009604
12.88000 0.008216
12.89000 0.006614
12.90000 0.005454
12.91000 0.006779
12.92000 0.003257
12.93000 0.003502
12.94000 0.001151
12.95000 0.000963
12.96000 -0.000642
12.97000 -0.001504
12.98000 -0.004061
12.99000 -0.002865
13.00000 -0.005024
13.01000 -0.008168
13.02000 -0.008612
13.03000 -0.007425
13.04000 -0.008063
13.05000 -0.011105
13.06000 -0.012517
13.07000 -0.013004
13.08000 -0.010911
13.09000 -0.012640
13.10000 -0.011183
13.11000 -0.011643
13.12000 -0.012834
13.13000 -0.012309
13.14000 -0.012941
13.15000 -0.012785
13.16000 -0.013503
13.17000 -0.012417
13.18000 -0.011916
13.19000 -0.010864
13.20000 -0.011678
13.21000 -0.012895
13.22000 -0.012659
13.23000 -0.013561
13.24000 -0.014963
13.25000 -0.013867
13.26000 -0.017268
13.27000 -0.019549
13.28000 -0.020925
13.29000 -0.021689
13.30000 -0.023045
13.31000 -0.024725
13.32000 -0.025848
13.33000 -0.028022
13.34000 -0.033634
13.35000 -0.034488
13.36000 -0.036121
13.37000 -0.038967
13.38000 -0.040859
13.39000 -0.045363
13.40000 -0.047952
13.41000 -0.049376
13.42000 -0.051323
13.43000 -0.055395
13.44000 -0.058117
13.45000 -0.059474
13.46000 -0.063052
13.47000 -0.064969
13.48000 -0.065645
13.49000 -0.066544
13.50000 -0.068979
13.51000 -0.069454
13.52000 -0.071007
13.53000 -0.071701
13.54000 -0.074097
13.55000 -0.074696
13.56000 -0.072700
13.57000 -0.074373
13.58000 -0.074263
13.59000 -0.073374
13.60000 -0.074381
13.61000 -0.076208
13.62000 -0.074948
13.63000 -0.072659
13.64000 -0.072917
13.65000 -0.073367
13.66000 -0.071740
13.67000 -0.070076
13.68000 -0.069161
13.69000 -0.070375
13.70000 -0.069840
13.71000 -0.068611
13.72000 -0.066024
13.73000 -0.064381
13.74000 -0.062797
13.75000 -0.062798
13.76000 -0.059396
13.77000 -0.059617
13.78000 -0.055655
13.79000 -0.054881
13.80000 -0.054777
13.81000 -0.049957
13.82000 -0.049170
13.83000 -0.047684
13.84000 -0.045349
13.85000 -0.044681
13.86000 -0.041134
13.87000 -0.037973
13.88000 -0.038006
13.89000 -0.035356
13.90000 -0.033296
13.91000 -0.031633
13.92000 -0.028688
13.93000 -0.026404
13.94000 -0.026529
13.95000 -0.023252
13.96000 -0.022051
13.97000 -0.019602
13.98000 -0.018745
13.99000 -0.016097
14.00000 -0.013881
14.01000 -0.014938
14.02000 -0.012549
14.03000 -0.010346
14.04000 -0.009936
14.05000 -0.008561
14.06000 -0.007164
14.07000 -0.004960
14.08000 -0.005368
14.09000 -0.003967
14.10000 -0.000943
14.11000 -0.001217
14.12000 -0.000887
14.13000 0.001862
14.14000 0.001274
14.15000 0.001794
14.16000 0.004851
14.17000 0.006180
14.18000 0.007891
14.19000 0.008167
14.20000 0.007521
14.21000 0.008861
14.22000 0.010897
14.23000 0.014148
14.24000 0.013483
14.25000 0.013762
14.26000 0.015710
14.27000 0.018367
14.28000 0.018587
14.29000 0.019101
14.30000 0.021139
14.31000 0.024051
14.32000 0.023220
14.33000 0.024776
14.34000 0.028218
14.35000 0.028858
14.36000 0.029969
14.37000 0.029783
14.38000 0.029772
14.39000 0.031551
14.40000 0.031310
14.41000 0.030275
14.42000 0.030651
14.43000 0.032996
14.44000 0.031316
14.45000 0.029870
14.46000 0.029826
14.47000 0.028282
14.48000 0.029481
14.49000 0.027471
14.50000 0.026652
14.51000 0.024954
14.52000 0.023384
14.53000 0.021411
14.54000 0.019685
14.55000 0.018096
14.56000 0.015857
14.57000 0.013484
14.58000 0.009607
14.59000 0.007816
14.60000 0.007380
14.61000 0.003598
14.62000 0.001900
14.63000 0.000268
14.64000 -0.003142
14.65000 -0.006738
14.66000 -0.009496
14.67000 -0.010895
14.68000 -0.012056
14.69000 -0.013692
14.70000 -0.018967
14.71000 -0.019189
14.72000 -0.020325
14.73000 -0.023771
14.74000 -0.025944
14.75000 -0.026183
14.76000 -0.029291
14.77000 -0.028745
14.78000 -0.030865
14.79000 -0.031836
14.80000 -0.033019
14.81000 -0.034884
14.82000 -0.034154
14.83000 -0.034268
14.84000 -0.037545
14.85000 -0.036975
14.86000 -0.034680
14.87000 -0.036681
14.88000 -0.034448
14.89000 -0.034454
14.90000 -0.035235
14.91000 -0.032419
14.92000 -0.032242
14.93000 -0.028883
14.94000 -0.028043
14.95000 -0.024862
14.96000 -0.024220
14.97000 -0.020861
14.98000 -0.019845
14.99000 -0.014704
15.00000 -0.013532
15.01000 -0.009896
15.02000 -0.005650
15.03000 -0.002458
15.04000 0.000665
15.05000 0.004588
15.06000 0.009146
15.07000 0.013058
15.08000 0.014883
15.09000 0.018385
15.10000 0.023048
15.11000 0.025354
15.12000 0.030585
15.13000 0.033185
15.14000 0.036198
15.15000 0.042678
15.16000 0.044601
15.17000 0.049207
15.18000 0.052050
15.19000 0.054632
15.20000 0.057345
15.21000 0.058380
15.22000 0.061129
15.23000 0.061662
15.24000 0.063850
15.25000 0.064176
15.26000 0.066679
15.27000 0.068431
15.28000 0.068243
15.29000 0.067506
15.30000 0.067824
15.31000 0.067981
15.32000 0.067926
15.33000 0.065128
15.34000 0.062695
15.35000 0.061180
15.36000 0.058450
15.37000 0.058477
15.38000 0.055911
15.39000 0.053477
15.40000 0.050501
15.41000 0.046989
15.42000 0.041626
15.43000 0.039786
15.44000 0.037324
15.45000 0.032160
15.46000 0.029696
15.47000 0.023600
15.48000 0.022309
15.49000 0.017406
15.50000 0.015707
15.51000 0.010947
15.52000 0.008412
15.53000 0.006381
15.54000 0.003973
15.55000 0.000819
15.56000 -0.002065
15.57000 -0.002578
15.58000 -0.004260
15.59000 -0.006769
15.60000 -0.009141
15.61000 -0.010110
15.62000 -0.008497
15.63000 -0.010932
15.64000 -0.008757
15.65000 -0.007953
15.66000 -0.008452
15.67000 -0.006863
15.68000 -0.007002
15.69000 -0.005117
15.70000 -0.001610
15.71000 -0.002467
15.72000 0.000620
15.73000 0.004112
15.74000 0.005447
15.75000 0.008184
15.76000 0.009628
15.77000 0.014087
15.78000 0.014724
15.79000 0.018592
15.80000 0.020388
15.81000 0.024267
15.82000 0.025844
15.83000 0.029846
15.84000 0.032448
15.85000 0.035731
15.86000 0.036839
15.87000 0.039955
15.88000 0.044133
15.89000 0.044551
15.90000 0.048507
15.91000 0.048330
15.92000 0.053041
15.93000 0.051830
15.94000 0.055135
15.95000 0.058623
15.96000 0.060131
15.97000 0.059125
15.98000 0.061943
15.99000 0.062426
16.00000 0.062599
16.01000 0.064101
16.02000 0.065387
16.03000 0.068368
16.04000 0.066316
16.05000 0.068448
16.06000 0.070736
16.07000 0.068286
16.08000 0.068867
16.09000 0.071903
16.10000 0.070812
16.11000 0.069643
16.12000 0.073042
16.13000 0.071846
16.14000 0.070341
16.15000 0.072444
16.16000 0.071799
16.17000 0.073860
16.18000 0.073491
16.19000 0.070859
16.20000 0.074144
16.21000 0.071549
16.22000 0.074150
16.23000 0.071546
16.24000 0.071516
16.25000 0.073620
16.26000 0.074192
16.27000 0.071989
16.28000 0.072292
16.29000 0.073033
16.30000 0.071059
16.31000 0.071723
16.32000 0.070469
16.33000 0.069241
16.34000 0.068388
16.35000 0.068448
16.36000 0.067597
16.37000 0.068556
16.38000 0.064520
16.39000 0.063526
16.40000 0.064201
16.41000 0.059819
16.42000 0.059408
16.43000 0.056275
16.44000 0.054935
16.45000 0.051217
16.46000 0.051056
16.47000 0.047865
16.48000 0.044554
16.49000 0.040423
16.50000 0.038768
16.51000 0.034927
16.52000 0.031221
16.53000 0.028524
16.54000 0.023873
16.55000 0.018743
16.56000 0.016317
16.57000 0.013727
16.58000 0.007754
16.59000 0.002703
16.60000 0.000722
16.61000 -0.005032
16.62000 -0.006608
16.63000 -0.011241
16.64000 -0.016528
16.65000 -0.020991
16.66000 -0.023172
16.67000 -0.026371
16.68000 -0.032221
16.69000 -0.035344
16.70000 -0.038648
16.71000 -0.042407
16.72000 -0.042848
16.73000 -0.047087
16.74000 -0.049082
16.75000 -0.050165
16.76000 -0.053670
16.77000 -0.056167
16.78000 -0.056062
16.79000 -0.055731
16.80000 -0.057791
16.81000 -0.060030
16.82000 -0.058486
16.83000 -0.057438
16.84000 -0.057053
16.85000 -0.057427
16.86000 -0.053959
16.87000 -0.053123
16.88000 -0.052869
16.89000 -0.050315
16.90000 -0.047055
16.91000 -0.044488
16.92000 -0.041716
16.93000 -0.037870
16.94000 -0.034286
16.95000 -0.031884
16.96000 -0.030504
16.97000 -0.026124
16.98000 -0.023342
16.99000 -0.017157
17.00000 -0.013714
17.01000 -0.010387
17.02000 -0.007588
17.03000 -0.004480
17.04000 -0.003259
17.05000 -0.001548
17.06000 0.001017
17.07000 0.004182
17.08000 0.006708
17.09000 0.008108
17.10000 0.008821
17.11000 0.011731
17.12000 0.012352
17.13000 0.013155
17.14000 0.011136
17.15000 0.011727
17.16000 0.011999
17.17000 0.012100
17.18000 0.012769
17.19000 0.009992
17.20000 0.008644
17.21000 0.009569
17.22000 0.009680
17.23000 0.005808
17.24000 0.006743
17.25000 0.005641
17.26000 0.002323
17.27000 0.001368
17.28000 0.001985
17.29000 -0.001361
17.30000 -0.001449
17.31000 -0.004306
17.32000 -0.006067
17.33000 -0.005315
17.34000 -0.007964
17.35000 -0.010277
17.36000 -0.009007
17.37000 -0.011146
17.38000 -0.013399
17.39000 -0.014702
17.40000 -0.017304
17.41000 -0.017981
17.42000 -0.020936
17.43000 -0.019934
17.44000 -0.021998
17.45000 -0.022700
17.46000 -0.025655
17.47000 -0.025770
17.48000 -0.028169
17.49000 -0.030649
17.50000 -0.030625
17.51000 -0.032709
17.52000 -0.033696
17.53000 -0.034733
17.54000 -0.038538
17.55000 -0.040521
17.56000 -0.040420
17.57000 -0.042236
17.58000 -0.042724
17.59000 -0.042803
17.60000 -0.043094
17.61000 -0.045327
17.62000 -0.045239
17.63000 -0.047833
17.64000 -0.048366
17.65000 -0.047266
17.66000 -0.049767
17.67000 -0.047204
17.68000 -0.047427
17.69000 -0.048965
17.70000 -0.049148
17.71000 -0.047842
17.72000 -0.050287
17.73000 -0.048801
17.74000 -0.050906
17.75000 -0.050012
17.76000 -0.049431
17.77000 -0.049939
17.78000 -0.048169
17.79000 -0.048142
17.80000 -0.049310
17.81000 -0.048750
17.82000 -0.049127
17.83000 -0.047487
17.84000 -0.048200
17.85000 -0.046988
17.86000 -0.047050
17.87000 -0.043757
17.88000 -0.045396
17.89000 -0.041679
17.90000 -0.043875
17.91000 -0.042147
17.92000 -0.041307
17.93000 -0.038548
17.94000 -0.036708
17.95000 -0.035034
17.96000 -0.032871
17.97000 -0.030782
17.98000 -0.030634
17.99000 -0.029324
18.00000 -0.026068
18.01000 -0.025714
18.02000 -0.022455
18.03000 -0.020066
18.04000 -0.016457
18.05000 -0.017036
18.06000 -0.013554
18.07000 -0.012589
18.08000 -0.010100
18.09000 -0.007488
18.10000 -0.004787
18.11000 -0.003132
18.12000 -0.002761
18.13000 -0.001973
18.14000 0.001322
18.15000 0.000310
18.16000 0.004045
18.17000 0.005008
18.18000 0.004305
18.19000 0.005243
18.20000 0.005620
18.21000 0.007633
18.22000 0.008585
18.23000 0.008755
18.24000 0.010668
18.25000 0.012281
18.26000 0.012155
18.27000 0.013061
18.28000 0.014434
18.29000 0.016532
18.30000 0.015962
18.31000 0.019283
18.32000 0.020200
18.33000 0.021222
18.34000 0.022323
18.35000 0.022669
18.36000 0.023999
18.37000 0.027174
18.38000 0.028225
18.39000 0.027500
18.40000 0.027913
18.41000 0.029238
18.42000 0.030362
18.43000 0.032296
18.44000 0.033178
18.45000 0.031726
18.46000 0.034702
18.47000 0.032452
18.48000 0.031884
18.49000 0.032637
18.50000 0.032803
18.51000 0.031169
18.52000 0.030827
18.53000 0.031739
18.54000 0.030141
18.55000 0.027442
18.56000 0.026511
18.57000 0.024483
18.58000 0.023585
18.59000 0.021981
18.60000 0.021733
18.61000 0.018990
18.62000 0.016485
18.63000 0.016849
18.64000 0.014943
18.65000 0.011598
18.66000 0.011042
18.67000 0.008597
18.68000 0.004544
18.69000 0.004489
18.70000 0.000556
18.71000 0.000590
18.72000 -0.002538
18.73000 -0.004087
18.74000 -0.004335
18.75000 -0.006338
18.76000 -0.010010
18.77000 -0.011904
18.78000 -0.012932
18.79000 -0.014665
18.80000 -0.016680
18.81000 -0.015974
18.82000 -0.018119
18.83000 -0.020151
18.84000 -0.019568
18.85000 -0.021318
18.86000 -0.020489
18.87000 -0.023064
18.88000 -0.022027
18.89000 -0.020547
18.90000 -0.021477
18.91000 -0.020398
18.92000 -0.020837
18.93000 -0.021812
18.94000 -0.021490
18.95000 -0.020180
18.96000 -0.016900
18.97000 -0.018452
18.98000 -0.016806
18.99000 -0.015831
19.00000 -0.012155
19.01000 -0.012958
19.02000 -0.010739
19.03000 -0.011745
19.04000 -0.007781
19.05000 -0.007088
19.06000 -0.008913
19.07000 -0.008102
19.08000 -0.004513
19.09000 -0.005476
19.10000 -0.006568
19.11000 -0.003780
19.12000 -0.003277
19.13000 -0.003199
19.14000 -0.005898
19.15000 -0.003279
19.16000 -0.006450
19.17000 -0.005284
19.18000 -0.007778
19.19000 -0.006532
19.20000 -0.008913
19.21000 -0.007860
19.22000 -0.009299
19.23000 -0.008350
19.24000 -0.010212
19.25000 -0.010507
19.26000 -0.010103
19.27000 -0.010757
19.28000 -0.010462
19.29000 -0.012701
19.30000 -0.013328
19.31000 -0.011194
19.32000 -0.013638
19.33000 -0.014597
19.34000 -0.012774
19.35000 -0.013987
19.36000 -0.014536
19.37000 -0.013543
19.38000 -0.014629
19.39000 -0.014937
19.40000 -0.015390
19.41000 -0.015681
19.42000 -0.015509
19.43000 -0.016592
19.44000 -0.015248
19.45000 -0.017854
19.46000 -0.017552
19.47000 -0.019202
19.48000 -0.018325
19.49000 -0.019064
19.50000 -0.022249
19.51000 -0.021665
19.52000 -0.022324
19.53000 -0.021872
19.54000 -0.021850
19.55000 -0.023673
19.56000 -0.024317
19.57000 -0.026528
19.58000 -0.026317
19.59000 -0.026286
19.60000 -0.027311
19.61000 -0.028611
19.62000 -0.029289
19.63000 -0.028813
19.64000 -0.029316
19.65000 -0.029612
19.66000 -0.028389
19.67000 -0.030206
19.68000 -0.030036
19.69000 -0.029743
19.70000 -0.031779
19.71000 -0.033330
19.72000 -0.033573
19.73000 -0.031980
19.74000 -0.034259
19.75000 -0.035032
19.76000 -0.033859
19.77000 -0.035583
19.78000 -0.037211
19.79000 -0.036303
19.80000 -0.035611
19.81000 -0.037840
19.82000 -0.037834
19.83000 -0.036753
19.84000 -0.038690
19.85000 -0.038340
19.86000 -0.036563
19.87000 -0.035550
19.88000 -0.035918
19.89000 -0.035741
19.90000 -0.034688
19.91000 -0.032896
19.92000 -0.032597
19.93000 -0.028623
19.94000 -0.028446
19.95000 -0.025647
19.96000 -0.023982
19.97000 -0.023381
19.98000 -0.021323
19.99000 -0.017337
20.00000 -0.018334
20.01000 -0.015720
20.02000 -0.012790
20.03000 -0.011822
20.04000 -0.008651
20.05000 -0.007060
20.06000 -0.005247
20.07000 -0.006084
20.08000 -0.002813
20.09000 -0.004706
20.10000 -0.001502
20.11000 -0.003649
20.12000 -0.003182
20.13000 -0.002820
20.14000 -0.001525
20.15000 -0.003845
20.16000 -0.002527
20.17000 -0.004909
20.18000 -0.003542
20.19000 -0.004485
20.20000 -0.006664
20.21000 -0.009518
20.22000 -0.009395
20.23000 -0.010566
20.24000 -0.011628
20.25000 -0.013818
20.26000 -0.016851
20.27000 -0.019231
20.28000 -0.019472
20.29000 -0.021345
20.30000 -0.022860
20.31000 -0.024209
20.32000 -0.027014
20.33000 -0.030944
20.34000 -0.031419
20.35000 -0.034938
20.36000 -0.036293
20.37000 -0.039748
20.38000 -0.039752
20.39000 -0.042612
20.40000 -0.044573
20.41000 -0.045825
20.42000 -0.049798
20.43000 -0.051851
20.44000 -0.050553
20.45000 -0.054066
20.46000 -0.055455
20.47000 -0.055826
20.48000 -0.057857
20.49000 -0.056977
20.50000 -0.056658
20.51000 -0.058149
20.52000 -0.060096
20.53000 -0.057561
20.54000 -0.059111
20.55000 -0.056801
20.56000 -0.056940
20.57000 -0.054089
20.58000 -0.052712
20.59000 -0.050275
20.60000 -0.051271
20.61000 -0.047068
20.62000 -0.046479
20.63000 -0.043092
20.64000 -0.040462
20.65000 -0.036401
20.66000 -0.034099
20.67000 -0.032242
20.68000 -0.028510
20.69000 -0.025447
20.70000 -0.023208
20.71000 -0.021262
20.72000 -0.016798
20.73000 -0.013655
20.74000 -0.013084
20.75000 -0.007932
20.76000 -0.005244
20.77000 -0.003497
20.78000 0.000081
20.79000 0.001938
20.80000 0.005326
20.81000 0.007859
20.82000 0.010894
20.83000 0.011413
20.84000 0.014509
20.85000 0.016811
20.86000 0.019597
20.87000 0.022752
20.88000 0.024675
20.89000 0.027347
20.90000 0.030155
20.91000 0.033200
20.92000 0.036825
20.93000 0.037735
20.94000 0.040789
20.95000 0.045365
20.96000 0.045304
20.97000 0.047957
20.98000 0.053024
20.99000 0.055148
21.00000 0.055107
21.01000 0.056428
21.02000 0.059009
21.03000 0.059546
21.04000 0.063341
21.05000 0.064175
21.06000 0.064376
21.07000 0.065762
21.08000 0.067392
21.09000 0.065935
21.10000 0.067243
21.11000 0.066938
21.12000 0.066812
21.13000 0.067030
21.14000 0.067873
21.15000 0.068359
21.16000 0.066987
21.17000 0.067053
21.18000 0.067400
21.19000 0.064404
21.20000 0.066448
21.21000 0.065729
21.22000 0.063870
21.23000 0.064491
21.24000 0.061987
21.25000 0.060919
21.26000 0.062792
21.27000 0.061783
21.28000 0.060903
21.29000 0.059776
21.30000 0.060906
21.31000 0.059348
21.32000 0.060274
21.33000 0.058831
21.34000 0.059183
21.35000 0.058132
21.36000 0.058314
21.37000 0.055422
21.38000 0.056402
21.39000 0.054714
21.40000 0.054101
21.41000 0.052455
21.42000 0.054833
21.43000 0.051518
21.44000 0.050640
21.45000 0.051897
21.46000 0.050658
21.47000 0.049004
21.48000 0.050848
21.49000 0.047483
21.50000 0.048980
21.51000 0.049505
21.52000 0.048399
21.53000 0.047610
21.54000 0.047476
21.55000 0.047751
21.56000 0.047339
21.57000 0.045295
21.58000 0.047106
21.59000 0.047602
21.60000 0.047474
21.61000 0.046782
21.62000 0.047554
21.63000 0.046437
21.64000 0.047935
21.65000 0.044984
21.66000 0.044923
21.67000 0.046750
21.68000 0.045622
21.69000 0.045637
21.70000 0.045595
21.71000 0.044096
21.72000 0.044673
21.73000 0.044130
21.74000 0.042491
21.75000 0.043538
21.76000 0.042116
21.77000 0.041438
21.78000 0.040513
21.79000 0.039832
21.80000 0.036537
21.81000 0.036557
21.82000 0.034571
21.83000 0.035787
21.84000 0.033845
21.85000 0.033337
21.86000 0.031389
21.87000 0.030389
21.88000 0.027994
21.89000 0.029367
21.90000 0.025890
21.91000 0.026914
21.92000 0.025167
21.93000 0.022410
21.94000 0.024404
21.95000 0.021946
21.96000 0.020104
21.97000 0.021412
21.98000 0.017797
21.99000 0.016811
22.00000 0.009496
22.01000 0.008704
22.02000 0.007962
22.03000 0.007273
22.04000 0.006640
22.05000 0.006064
22.06000 0.005554
22.07000 0.005107
22.08000 0.004721
22.09000 0.004395
22.10000 0.004128
22.11000 0.003918
22.12000 0.003762
22.13000 0.003649
22.14000 0.003572
22.15000 0.003522
22.16000 0.003490
22.17000 0.003465
22.18000 0.003432
22.19000 0.003381
22.20000 0.003297
22.21000 0.003169
22.22000 0.002975
22.23000 0.002708
22.24000 0.002359
22.25000 0.001918
22.26000 0.001376
22.27000 0.000714
22.28000 -0.000066
22.29000 -0.000963
22.30000 -0.001978
22.31000 -0.003109
22.32000 -0.004360
22.33000 -0.005725
22.34000 -0.007189
22.35000 -0.008741
22.36000 -0.010371
22.37000 -0.012068
22.38000 -0.013820
22.39000 -0.015606
22.40000 -0.017413
22.41000 -0.019225
22.42000 -0.021029
22.43000 -0.022807
22.44000 -0.024547
22.45000 -0.026238
22.46000 -0.027871
22.47000 -0.029437
22.48000 -0.030922
22.49000 -0.032324
22.50000 -0.033643
22.51000 -0.034878
22.52000 -0.036029
22.53000 -0.037093
22.54000 -0.038070
22.55000 -0.038972
22.56000 -0.039802
22.57000 -0.040565
22.58000 -0.041266
22.59000 -0.041904
22.60000 -0.042491
22.61000 -0.043032
22.62000 -0.043530
22.63000 -0.043987
22.64000 -0.044401
22.65000 -0.044778
22.66000 -0.045116
22.67000 -0.045415
22.68000 -0.045673
22.69000 -0.045883
22.70000 -0.046042
22.71000 -0.046149
22.72000 -0.046199
22.73000 -0.046187
22.74000 -0.046106
22.75000 -0.045949
22.76000 -0.045719
22.77000 -0.045411
22.78000 -0.045025
22.79000 -0.044556
22.80000 -0.043997
22.81000 -0.043359
22.82000 -0.042643
22.83000 -0.041851
22.84000 -0.040987
22.85000 -0.040046
22.86000 -0.039044
22.87000 -0.037984
22.88000 -0.036874
22.89000 -0.035720
22.90000 -0.034523
22.91000 -0.033293
22.92000 -0.032037
22.93000 -0.030762
22.94000 -0.029471
22.95000 -0.028169
22.96000 -0.026861
22.97000 -0.025551
22.98000 -0.024244
22.99000 -0.022940
23.00000 -0.021645
23.01000 -0.020361
23.02000 -0.019091
23.03000 -0.017836
23.04000 -0.016601
23.05000 -0.015388
23.06000 -0.014204
23.07000 -0.013051
23.08000 -0.011934
23.09000 -0.010858
23.10000 -0.009829
23.11000 -0.008859
23.12000 -0.007952
23.13000 -0.007113
23.14000 -0.006351
23.15000 -0.005671
23.16000 -0.005088
23.17000 -0.004610
23.18000 -0.004237
23.19000 -0.003974
23.20000 -0.003825
23.21000 -0.003798
23.22000 -0.003905
23.23000 -0.004132
23.24000 -0.004480
23.25000 -0.004945
23.26000 -0.005525
23.27000 -0.006226
23.28000 -0.007028
23.29000 -0.007922
23.30000 -0.008899
23.31000 -0.009949
23.32000 -0.011066
23.33000 -0.012233
23.34000 -0.013437
23.35000 -0.014666
23.36000 -0.015909
23.37000 -0.017156
23.38000 -0.018394
23.39000 -0.019615
23.40000 -0.020811
23.41000 -0.021974
23.42000 -0.023099
23.43000 -0.024178
23.44000 -0.025209
23.45000 -0.026194
23.46000 -0.027128
23.47000 -0.028014
23.48000 -0.028843
23.49000 -0.029624
23.50000 -0.030357
23.51000 -0.031043
23.52000 -0.031682
23.53000 -0.032270
23.54000 -0.032810
23.55000 -0.033302
23.56000 -0.033744
23.57000 -0.034133
23.58000 -0.034462
23.59000 -0.034724
23.60000 -0.034920
23.61000 -0.035043
23.62000 -0.035088
23.63000 -0.035045
23.64000 -0.034901
23.65000 -0.034658
23.66000 -0.034312
23.67000 -0.033858
23.68000 -0.033294
23.69000 -0.032602
23.70000 -0.031796
23.71000 -0.030878
23.72000 -0.029852
23.73000 -0.028723
23.74000 -0.027488
23.75000 -0.026162
23.76000 -0.024761
23.77000 -0.023296
23.78000 -0.021779
23.79000 -0.020223
23.80000 -0.018645
23.81000 -0.017063
23.82000 -0.015490
23.83000 -0.013942
23.84000 -0.012433
23.85000 -0.010983
23.86000 -0.009597
23.87000 -0.008285
23.88000 -0.007055
23.89000 -0.005911
23.90000 -0.004871
23.91000 -0.003923
23.92000 -0.003065
23.93000 -0.002295
23.94000 -0.001608
23.95000 -0.001002
23.96000 -0.000465
23.97000 0.000017
23.98000 0.000456
23.99000 0.000861
24.00000 0.001245
24.01000 0.001621
24.02000 0.002001
24.03000 0.002396
24.04000 0.002815
24.05000 0.003268
24.06000 0.003767
24.07000 0.004312
24.08000 0.004908
24.09000 0.005557
24.10000 0.006259
24.11000 0.007019
24.12000 0.007829
24.13000 0.008684
24.14000 0.009580
24.15000 0.010509
24.16000 0.011468
24.17000 0.012447
24.18000 0.013437
24.19000 0.014431
24.20000 0.015422
24.21000 0.016400
24.22000 0.017358
24.23000 0.018290
24.24000 0.019191
24.25000 0.020055
24.26000 0.020876
24.27000 0.021647
24.28000 0.022367
24.29000 0.023034
24.30000 0.023646
24.31000 0.024198
24.32000 0.024680
24.33000 0.025097
24.34000 0.025446
24.35000 0.025725
24.36000 0.025931
24.37000 0.026053
24.38000 0.026092
24.39000 0.026047
24.40000 0.025915
24.41000 0.025694
24.42000 0.025376
24.43000 0.024957
24.44000 0.024443
24.45000 0.023834
24.46000 0.023131
24.47000 0.022334
24.48000 0.021440
24.49000 0.020466
24.50000 0.019418
24.51000 0.018306
24.52000 0.017140
24.53000 0.015931
24.54000 0.014698
24.55000 0.013458
24.56000 0.012228
24.57000 0.011026
24.58000 0.009877
24.59000 0.008800
24.60000 0.007812
24.61000 0.006932
24.62000 0.006176
24.63000 0.005571
24.64000 0.005136
24.65000 0.004873
24.66000 0.004792
24.67000 0.004900
24.68000 0.005206
24.69000 0.005731
24.70000 0.006451
24.71000 0.007362
24.72000 0.008456
24.73000 0.009723
24.74000 0.011172
24.75000 0.012766
24.76000 0.014487
24.77000 0.016317
24.78000 0.018237
24.79000 0.020232
24.80000 0.022275
24.81000 0.024344
24.82000 0.026418
24.83000 0.028480
24.84000 0.030509
24.85000 0.032486
24.86000 0.034399
24.87000 0.036238
24.88000 0.037992
24.89000 0.039650
24.90000 0.041196
24.91000 0.042638
24.92000 0.043973
24.93000 0.045201
24.94000 0.046321
24.95000 0.047322
24.96000 0.048218
24.97000 0.049014
24.98000 0.049711
24.99000 0.050313
25.00000 0.050812
25.01000 0.051215
25.02000 0.051528
25.03000 0.051748
25.04000 0.051877
25.05000 0.051905
25.06000 0.051827
25.07000 0.051647
25.08000 0.051361
25.09000 0.050963
25.10000 0.050446
25.11000 0.049794
25.12000 0.049015
25.13000 0.048105
25.14000 0.047061
25.15000 0.045881
25.16000 0.044548
25.17000 0.043078
25.18000 0.041476
25.19000 0.039746
25.20000 0.037895
25.21000 0.035921
25.22000 0.033841
25.23000 0.031671
25.24000 0.029426
25.25000 0.027119
25.26000 0.024764
25.27000 0.022378
25.28000 0.019982
25.29000 0.017591
25.30000 0.015221
25.31000 0.012889
25.32000 0.010615
25.33000 0.008408
25.34000 0.006279
25.35000 0.004237
25.36000 0.002291
25.37000 0.000460
25.38000 -0.001263
25.39000 -0.002877
25.40000 -0.004383
25.41000 -0.005781
25.42000 -0.007066
25.43000 -0.008247
25.44000 -0.009334
25.45000 -0.010334
25.46000 -0.011253
25.47000 -0.012094
25.48000 -0.012865
25.49000 -0.013578
25.50000 -0.014238
25.51000 -0.014852
25.52000 -0.015424
25.53000 -0.015955
25.54000 -0.016451
25.55000 -0.016915
25.56000 -0.017347
25.57000 -0.017748
25.58000 -0.018113
25.59000 -0.018442
25.60000 -0.018736
25.61000 -0.018990
25.62000 -0.019204
25.63000 -0.019370
25.64000 -0.019489
25.65000 -0.019561
25.66000 -0.019584
25.67000 -0.019561
25.68000 -0.019487
25.69000 -0.019366
25.70000 -0.019204
25.71000 -0.019005
25.72000 -0.018773
25.73000 -0.018515
25.74000 -0.018236
25.75000 -0.017946
25.76000 -0.017652
25.77000 -0.017362
25.78000 -0.017083
25.79000 -0.016826
25.80000 -0.016595
25.81000 -0.016395
25.82000 -0.016232
25.83000 -0.016109
25.84000 -0.016032
25.85000 -0.016000
25.86000 -0.016011
25.87000 -0.016061
25.88000 -0.016149
25.89000 -0.016270
25.90000 -0.016419
25.91000 -0.016586
25.92000 -0.016762
25.93000 -0.016941
25.94000 -0.017112
25.95000 -0.017264
25.96000 -0.017391
25.97000 -0.017484
25.98000 -0.017535
25.99000 -0.017540
26.00000 -0.017485
26.01000 -0.017373
26.02000 -0.017202
26.03000 -0.016972
26.04000 -0.016684
26.05000 -0.016336
26.06000 -0.015935
26.07000 -0.015490
26.08000 -0.015009
26.09000 -0.014500
26.10000 -0.013971
26.11000 -0.013433
26.12000 -0.012900
26.13000 -0.012380
26.14000 -0.011886
26.15000 -0.011426
26.16000 -0.011017
26.17000 -0.010661
26.18000 -0.010367
26.19000 -0.010139
26.20000 -0.009981
26.21000 -0.009905
26.22000 -0.009905
26.23000 -0.009976
26.24000 -0.010117
26.25000 -0.010323
26.26000 -0.010592
26.27000 -0.010914
26.28000 -0.011275
26.29000 -0.011667
26.30000 -0.012079
26.31000 -0.012500
26.32000 -0.012915
26.33000 -0.013314
26.34000 -0.013686
26.35000 -0.014020
26.36000 -0.014305
26.37000 -0.014527
26.38000 -0.014685
26.39000 -0.014772
26.40000 -0.014786
26.41000 -0.014722
26.42000 -0.014573
26.43000 -0.014346
26.44000 -0.014046
26.45000 -0.013678
26.46000 -0.013247
26.47000 -0.012756
26.48000 -0.012217
26.49000 -0.011642
26.50000 -0.011041
26.51000 -0.010425
26.52000 -0.009804
26.53000 -0.009191
26.54000 -0.008597
26.55000 -0.008031
26.56000 -0.007503
26.57000 -0.007022
26.58000 -0.006602
26.59000 -0.006242
26.60000 -0.005947
26.61000 -0.005720
26.62000 -0.005563
26.63000 -0.005484
26.64000 -0.005475
26.65000 -0.005531
26.66000 -0.005649
26.67000 -0.005825
26.68000 -0.006055
26.69000 -0.006330
26.70000 -0.006640
26.71000 -0.006979
26.72000 -0.007336
26.73000 -0.007706
26.74000 -0.008078
26.75000 -0.008446
26.76000 -0.008802
26.77000 -0.009141
26.78000 -0.009458
26.79000 -0.009744
26.80000 -0.010001
26.81000 -0.010228
26.82000 -0.010422
26.83000 -0.010587
26.84000 -0.010719
26.85000 -0.010825
26.86000 -0.010910
26.87000 -0.010979
26.88000 -0.011037
26.89000 -0.011090
26.90000 -0.011145
26.91000 -0.011209
26.92000 -0.011288
26.93000 -0.011389
26.94000 -0.011520
26.95000 -0.011687
26.96000 -0.011893
26.97000 -0.012141
26.98000 -0.012435
26.99000 -0.012777
27.00000 -0.013175
27.01000 -0.013621
27.02000 -0.014114
27.03000 -0.014654
27.04000 -0.015236
27.05000 -0.015862
27.06000 -0.016521
27.07000 -0.017209
27.08000 -0.017918
27.09000 -0.018644
27.10000 -0.019379
27.11000 -0.020116
27.12000 -0.020847
27.13000 -0.021565
27.14000 -0.022265
27.15000 -0.022937
27.16000 -0.023574
27.17000 -0.024173
27.18000 -0.024728
27.19000 -0.025234
27.20000 -0.025686
27.21000 -0.026074
27.22000 -0.026399
27.23000 -0.026660
27.24000 -0.026852
27.25000 -0.026973
27.26000 -0.027010
27.27000 -0.026969
27.28000 -0.026848
27.29000 -0.026645
27.30000 -0.026356
27.31000 -0.025971
27.32000 -0.025491
27.33000 -0.024916
27.34000 -0.024245
27.35000 -0.023473
27.36000 -0.022594
27.37000 -0.021601
27.38000 -0.020499
27.39000 -0.019288
27.40000 -0.017965
27.41000 -0.016528
27.42000 -0.014965
27.43000 -0.013288
27.44000 -0.011499
27.45000 -0.009600
27.46000 -0.007594
27.47000 -0.005471
27.48000 -0.003248
27.49000 -0.000932
27.50000 0.001472
27.51000 0.003956
27.52000 0.006518
27.53000 0.009145
27.54000 0.011825
27.55000 0.014549
27.56000 0.017305
27.57000 0.020084
27.58000 0.022875
27.59000 0.025665
27.60000 0.028443
27.61000 0.031198
27.62000 0.033920
27.63000 0.036592
27.64000 0.039209
27.65000 0.041761
27.66000 0.044239
27.67000 0.046634
27.68000 0.048924
27.69000 0.051111
27.70000 0.053187
27.71000 0.055146
27.72000 0.056979
27.73000 0.058667
27.74000 0.060206
27.75000 0.061595
27.76000 0.062830
27.77000 0.063901
27.78000 0.064795
27.79000 0.065499
27.80000 0.066021
27.81000 0.066357
27.82000 0.066502
27.83000 0.066449
27.84000 0.066176
27.85000 0.065704
27.86000 0.065033
27.87000 0.064166
27.88000 0.063103
27.89000 0.061829
27.90000 0.060368
27.91000 0.058734
27.92000 0.056936
27.93000 0.054986
27.94000 0.052886
27.95000 0.050659
27.96000 0.048330
27.97000 0.045916
27.98000 0.043437
27.99000 0.040913
28.00000 0.038365
28.01000 0.035820
28.02000 0.033298
28.03000 0.030819
28.04000 0.028404
28.05000 0.026083
28.06000 0.023865
28.07000 0.021763
28.08000 0.019790
28.09000 0.017957
28.10000 0.016290
28.11000 0.014779
28.12000 0.013424
28.13000 0.012223
28.14000 0.011174
28.15000 0.010282
28.16000 0.009531
28.17000 0.008904
28.18000 0.008388
28.19000 0.007968
28.20000 0.007632
28.21000 0.007364
28.22000 0.007140
28.23000 0.006943
28.24000 0.006758
28.25000 0.006568
28.26000 0.006355
28.27000 0.006107
28.28000 0.005814
28.29000 0.005466
28.30000 0.005055
28.31000 0.004569
28.32000 0.004010
28.33000 0.003379
28.34000 0.002678
28.35000 0.001910
28.36000 0.001073
28.37000 0.000177
28.38000 -0.000767
28.39000 -0.001753
28.40000 -0.002772
28.41000 -0.003816
28.42000 -0.004876
28.43000 -0.005943
28.44000 -0.007010
28.45000 -0.008070
28.46000 -0.009118
28.47000 -0.010149
28.48000 -0.011160
28.49000 -0.012150
28.50000 -0.013119
28.51000 -0.014068
28.52000 -0.014995
28.53000 -0.015905
28.54000 -0.016802
28.55000 -0.017687
28.56000 -0.018564
28.57000 -0.019435
28.58000 -0.020303
28.59000 -0.021169
28.60000 -0.022033
28.61000 -0.022896
28.62000 -0.023754
28.63000 -0.024603
28.64000 -0.025440
28.65000 -0.026258
28.66000 -0.027051
28.67000 -0.027810
28.68000 -0.028522
28.69000 -0.029180
28.70000 -0.029775
28.71000 -0.030297
28.72000 -0.030738
28.73000 -0.031077
28.74000 -0.031314
28.75000 -0.031445
28.76000 -0.031463
28.77000 -0.031366
28.78000 -0.031143
28.79000 -0.030795
28.80000 -0.030334
28.81000 -0.029761
28.82000 -0.029085
28.83000 -0.028308
28.84000 -0.027437
28.85000 -0.026493
28.86000 -0.025487
28.87000 -0.024432
28.88000 -0.023341
28.89000 -0.022226
28.90000 -0.021105
28.91000 -0.019989
28.92000 -0.018891
28.93000 -0.017819
28.94000 -0.016789
28.95000 -0.015805
28.96000 -0.014871
28.97000 -0.013989
28.98000 -0.013162
28.99000 -0.012393
29.00000 -0.011679
29.01000 -0.011011
29.02000 -0.010385
29.03000 -0.009794
29.04000 -0.009232
29.05000 -0.008691
29.06000 -0.008162
29.07000 -0.007636
29.08000 -0.007107
29.09000 -0.006569
29.10000 -0.006015
29.11000 -0.005443
29.12000 -0.004853
29.13000 -0.004244
29.14000 -0.003619
29.15000 -0.002981
29.16000 -0.002339
29.17000 -0.001699
29.18000 -0.001073
29.19000 -0.000469
29.20000 0.000095
29.21000 0.000608
29.22000 0.001059
29.23000 0.001436
29.24000 0.001727
29.25000 0.001915
29.26000 0.001986
29.27000 0.001940
29.28000 0.001772
29.29000 0.001477
29.30000 0.001052
29.31000 0.000483
29.32000 -0.000209
29.33000 -0.001021
29.34000 -0.001943
29.35000 -0.002966
29.36000 -0.004088
29.37000 -0.005285
29.38000 -0.006540
29.39000 -0.007839
29.40000 -0.009164
29.41000 -0.010501
29.42000 -0.011829
29.43000 -0.013135
29.44000 -0.014403
29.45000 -0.015622
29.46000 -0.016776
29.47000 -0.017853
29.48000 -0.018851
29.49000 -0.019765
29.50000 -0.020592
29.51000 -0.021330
29.52000 -0.021971
29.53000 -0.022528
29.54000 -0.023008
29.55000 -0.023416
29.56000 -0.023759
29.57000 -0.024039
29.58000 -0.024271
29.59000 -0.024466
29.60000 -0.024632
29.61000 -0.024777
29.62000 -0.024907
29.63000 -0.025032
29.64000 -0.025155
29.65000 -0.025283
29.66000 -0.025417
29.67000 -0.025560
29.68000 -0.025711
29.69000 -0.025869
29.70000 -0.026032
29.71000 -0.026196
29.72000 -0.026357
29.73000 -0.026509
29.74000 -0.026647
29.75000 -0.026767
29.76000 -0.026864
29.77000 -0.026932
29.78000 -0.026964
29.79000 -0.026960
29.80000 -0.026918
29.81000 -0.026837
29.82000 -0.026716
29.83000 -0.026553
29.84000 -0.026351
29.85000 -0.026115
29.86000 -0.025849
29.87000 -0.025557
29.88000 -0.025243
29.89000 -0.024910
29.90000 -0.024567
29.91000 -0.024217
29.92000 -0.023865
29.93000 -0.023513
29.94000 -0.023165
29.95000 -0.022822
29.96000 -0.022483
29.97000 -0.022148
29.98000 -0.021815
29.99000 -0.021478
30.00000 -0.021131
